0
0.79056
0.710879
0.568559
0.463039
0.393379
0.338108
0.296796
0.27028
0.248115
0.231966
0.224862
0.218335
0.213403
0.208193
0.202498
0.198703
0.195236
0.192092
0.189311
0.185758
0.182884
0.181904
0.178986
0.17567
0.17187
0.168349
0.165963
0.163139
0.1607
0.158638
0.156482
0.154646
0.152812
0.15106
0.149774
0.148126
0.146601
0.14555
0.14446
0.143069
0.1415
0.140051
0.13841
0.137264
0.135833
0.134827
0.134107
0.132698
0.131168
0.130558
0.129186
0.127991
0.126738
0.125937
0.124934
0.124236
0.123326
0.123085
0.122548
0.121482
0.120851
0.120505
0.119888
0.119027
0.118652
0.118299
0.117657
0.116906
0.116112
0.115217
0.114911
0.114568
0.113994
0.113717
0.113654
0.11287
0.11224
0.111872
0.111747
0.111999
0.111765
0.111311
0.111366
0.111115
0.110818
0.110549
0.10997
0.109643
0.10958
0.109425
0.109272
0.109308
0.109129
0.108755
0.10881
0.108819
0.108555
0.108533
0.108395
0.108049
0.107927
0.10774
0.107686
0.107837
0.107584
0.107551
0.107401
0.107036
0.106657
0.106585
0.10641
0.106306
0.106312
0.106499
0.106621
0.106446
0.106385
0.106225
0.106033
0.106053
0.106053
0.105938
0.105818
0.105752
0.105819
0.105665
0.105397
0.105306
0.105297
0.105256
0.105071
0.104824
0.104588
0.104501
0.104619
0.104539
0.104571
0.10473
0.104688
0.104658
0.104668
0.104597
0.104625
0.104589
0.104266
0.104048
0.103873
0.103929
0.104039
0.103783
0.103711
0.103624
0.103795
0.103814
0.103943
0.103951
0.104037
0.104053
0.104241
0.104457
0.104374
0.104465
0.104438
0.10444
0.104624
0.104652
0.106448
0.106825
0.106879
0.107153
0.107245
0.107321
0.107877
0.108281
0.109127
0.10926
0.109195
0.108863
0.10841
0.107929
0.107481
0.10699
0.106509
0.106054
0.105622
0.105219
0.104803
0.104387
0.10397
0.103533
0.10311
0.102679
0.102263
0.101922
0.101469
0.101098
0.10074
0.100418
0.100025
0.0996968
0.0993564
0.0989828
0.0986144
0.0982074
0.0978916
0.0976326
0.0972489
0.0969118
0.0966835
0.0964669
0.0961852
0.0958891
0.0955627
0.0952784
0.0950493
0.0947397
0.094481
0.0941739
0.0939053
0.0936892
0.0934635
0.0932565
0.093009
0.0927898
0.09247
0.0922554
0.0920695
0.0918554
0.0916954
0.0915084
0.0912638
0.0910109
0.0906505
0.0904335
0.0901942
0.089953
0.0896568
0.0893937
0.0891498
0.0890173
0.0887235
0.0885365
0.0882798
0.0880101
0.0878253
0.0877091
0.087517
0.0873097
0.0871265
0.0868628
0.0867671
0.0866054
0.0864104
0.086259
0.0861085
0.0859004
0.0856936
0.0855803
0.0854102
0.0852103
0.0850655
0.0848556
0.0847713
0.0845837
0.0844198
0.0842286
0.0840141
0.0838685
0.0837817
0.0836927
0.0834814
0.0833444
0.0831643
0.0829819
0.082848
0.0827514
0.0825802
0.0824715
0.0822917
0.0821166
0.0819725
0.0817817
0.0816263
0.0815119
0.0813883
0.0812753
0.0810993
0.0809658
0.0808408
0.0807518
0.0806442
0.0805014
0.0803492
0.0802235
0.0801151
0.080051
0.0799463
0.079871
0.0797105
0.0795874
0.0794379
0.0792886
0.0791851
0.0791029
0.0789737
0.0788323
0.0787302
0.0785686
0.0784715
0.0783203
0.0782336
0.0781484
0.0780501
0.077943
0.0778726
0.0778372
0.0777145
0.0775722
0.0775015
0.0773722
0.0773557
0.0772616
0.0771703
0.0770672
0.0769597
0.0768779
0.0767702
0.0766923
0.0766269
0.0765095
0.0764521
0.0764315
0.076381
0.0763132
0.0763177
0.0762769
0.0762601
0.0762571
0.0761871
0.0760998
0.0759659
0.0758855
0.0757767
0.075758
0.0757064
0.0756566
0.0755913
0.0755748
0.0754413
0.0753518
0.0752358
0.0751688
0.0751438
0.0751079
0.0750049
0.0749373
0.0748942
0.0748307
0.0747728
0.0747124
0.0747035
0.0746519
0.0745979
0.0745592
0.0745323
0.0744784
0.0744998
0.0744259
0.0744005
0.0743423
0.0742782
0.0741768
0.0741383
0.0740992
0.0741124
0.074063
0.0740786
0.0740244
0.0739577
0.0739256
0.0738182
0.0737416
0.0737723
0.0737147
0.0736571
0.0736217
0.0735989
0.0735753
0.0735817
0.0735064
0.0734522
0.07343
0.0733851
0.0733195
0.0732346
0.0731888
0.0731412
0.073157
0.0731556
0.073103
0.0730562
0.0730244
0.072951
0.0729244
0.0728642
0.0728257
0.0727838
0.072821
0.0727356
0.0726825
0.0726636
0.0726272
0.0725677
0.0725759
0.0725627
0.0725648
0.0725186
0.0724967
0.0724569
0.0725803
0.07252
0.0724843
0.0724705
0.0724608
0.0724096
0.0723754
0.0724236
0.0723149
0.0723134
0.0722927
0.0722232
0.0721722
0.0721761
0.0721421
0.0721128
0.0721612
0.072158
0.0720697
0.0720163
0.0720215
0.0719809
0.0719306
0.0719528
0.0719393
0.0719451
0.0718688
0.0718364
0.0718462
0.0718507
0.0718097
0.0717914
0.0717581
0.0717342
0.0716968
0.0716557
0.0716173
0.071602
0.0715489
0.0715209
0.0715097
0.07146
0.0714595
0.0714343
0.071421
0.0713587
0.0714003
0.0713938
0.071407
0.0713981
0.0713613
0.0713572
0.0713145
0.0713111
0.0713136
0.0713476
0.0713058
0.0712558
0.0712433
0.0712721
0.0712871
0.0712604
0.0712676
0.0712829
0.0712723
0.0712491
0.0713015
0.0713085
0.071306
0.0713054
0.0713577
0.0713739
0.0713463
0.0712778
0.07125
0.0712553
0.0712202
0.0712702
0.0712594
0.0712443
0.0712513
0.0712767
0.071262
0.0712878
0.0712714
0.0712635
0.0712473
0.0712428
0.0712337
0.0712967
0.0712922
0.0713321
0.0713508
0.0713445
0.0713562
0.0713597
0.071394
0.0713762
0.0713487
0.0713242
0.0713405
0.07126
0.0712253
0.0712501
0.0712454
0.0712483
0.0712645
0.0712514
0.0712434
0.0712096
0.0711867
0.0711635
0.0711384
0.071181
0.07117
0.0711206
0.0710908
0.0710979
0.0711313
0.0711519
0.0711373
0.0711333
0.0711814
0.0711721
0.0711746
0.0711454
0.0711528
0.0711242
0.0710998
0.0711209
0.0711355
0.0711512
0.0711353
0.071165
0.0711543
0.0711326
0.0711074
0.0711119
0.071093
0.0711232
0.0710978
0.0710307
0.0710385
0.0709815
0.0709976
0.0709741
0.0709764
0.070943
0.0709035
0.0708913
0.0708996
0.0708916
0.0708547
0.0708734
0.0708387
0.0708382
0.0708281
0.0708046
0.0708694
0.0708539
0.0708537
0.0709279
0.0709451
0.0709996
0.0709928
0.0709996
0.0710282
0.071036
0.0710468
0.0710448
0.0710271
0.0710072
0.0710684
0.0710679
0.0710937
0.0711347
0.0711115
0.0711257
0.071127
0.0711028
0.071114
0.0711222
0.0711491
0.0711247
0.0711665
0.0712209
0.07123
0.0712354
0.0712422
0.0712345
0.0712577
0.071285
0.0713293
0.0713511
0.0713678
0.0713984
0.0714246
0.0714407
0.0714479
0.0714792
0.0714834
0.071489
0.0714818
0.0715211
0.0715252
0.0715067
0.0714614
0.0714945
0.0715155
0.0715101
0.0715114
0.0715189
0.0715146
0.071527
0.0715161
0.0715062
0.0715297
0.071533
0.071555
0.0715593
0.0715446
0.0715558
0.0715319
0.0715541
0.0715786
0.0715969
0.0716072
0.0716247
0.0716128
0.0716371
0.0716446
0.0716351
0.0716232
0.0716114
0.0716155
0.071645
0.0716396
0.0716861
0.0716753
0.0716813
0.0717053
0.0716942
0.0717292
0.0717591
0.0717433
0.0717531
0.0717709
0.0717605
0.0717398
0.0717601
0.0717663
0.0717733
0.0717774
0.0717954
0.0718079
0.071812
0.0718346
0.0717994
0.0718606
0.0718782
0.0718937
0.0719203
0.071917
0.071938
0.0719359
0.0719517
0.0720007
0.0720417
0.0720262
0.0720115
0.072027
0.0720461
0.0720643
0.0720923
0.072093
0.0721121
0.0721303
0.0721109
0.0721042
0.0720899
0.0720811
0.0720641
0.0720383
0.072063
0.0720702
0.0720624
0.0721295
0.0721852
0.0721726
0.0721685
0.0722024
0.0722257
0.0722766
0.0722883
0.0723053
0.0722966
0.0723086
0.0723092
0.0723256
0.0723469
0.0723633
0.072381
0.0724267
0.0724085
0.0724205
0.072429
0.0724057
0.0724248
0.0724268
0.0724078
0.0723785
0.0723924
0.0724262
0.0724223
0.0724295
0.0724543
0.0724729
0.0724871
0.0724947
0.0724871
0.0724902
0.0725312
0.0724975
0.0725373
0.0725724
0.0725585
0.0726188
0.0726231
0.0726317
0.0726518
0.0726558
0.0726681
0.0726992
0.0727423
0.0727203
0.0727434
0.0727857
0.0728012
0.0728512
0.0728822
0.072889
0.0729119
0.0729341
0.0729686
0.072967
0.0729743
0.0730377
0.0730719
0.073094
0.0730992
0.0730874
0.0731221
0.0731404
0.0731045
0.073125
0.0731659
0.0731952
0.0732253
0.0732838
0.073288
0.073304
0.0733811
0.0734076
0.0734119
0.0734259
0.0734656
0.0734926
0.0735197
0.0735667
0.0735916
0.0735938
0.0736105
0.0736452
0.0736537
0.0737001
0.0737049
0.0737337
0.0737624
0.0737553
0.073758
0.0737325
0.0737544
0.0738
0.0738311
0.0738256
0.0738078
0.0738178
0.0738424
0.0738449
0.0738677
0.0738762
0.0738936
0.0738682
0.0738674
0.0738552
0.0738384
0.0738634
0.0738635
0.0738708
0.0738709
0.0739103
0.0739345
0.0739324
0.0739253
0.0739354
0.0739559
0.0739401
0.0739442
0.0739711
0.0739704
0.0739689
0.0740016
0.0739951
0.0740081
0.0740056
0.0740109
0.074042
0.0740664
0.0740782
0.0741025
0.0741062
0.0740923
0.0741164
0.0741502
0.0742226
0.0742476
0.0742528
0.0742687
0.0743038
0.0743069
0.0743427
0.0743561
0.0744216
0.0744391
0.0744718
0.074469
0.074494
0.0745214
0.0745505
0.0745856
0.0745797
0.0745616
0.0746179
0.0746473
0.0746677
0.074695
0.0746916
0.0746658
0.074664
0.0746673
0.0746517
0.0746981
0.0747208
0.0747529
0.0747721
0.0748082
0.0748089
0.0748283
0.0748767
0.0748753
0.0748975
0.074928
0.0749525
0.0749478
0.0749513
0.0749722
0.0750069
0.075014
0.0750551
0.0750377
0.0750408
0.0750535
0.0750792
0.075108
0.0751273
0.0751247
0.075137
0.0751266
0.0751676
0.0752177
0.0751832
0.0752028
0.0752137
0.0752507
0.075282
0.0752916
0.0753416
0.0753697
0.0753975
0.0754145
0.0754445
0.0754602
0.0754345
0.0754347
0.0754396
0.0754475
0.0754471
0.0754664
0.0754964
0.0755416
0.075553
0.0755871
0.0756336
0.075637
0.0756131
0.0756329
0.0756898
0.0756906
0.0757159
0.0757418
0.0757474
0.0757993
0.075803
0.0758271
0.0758237
0.0758605
0.0758657
0.075892
0.0758887
0.0759105
0.0759115
0.0759921
0.0759974
0.0759966
0.0759849
0.0760077
0.0760082
0.0760046
0.0760182
0.0760227
0.076028
0.0760503
0.0760759
0.0760886
0.0761385
0.0761478
0.0761531
0.0761687
0.0761882
0.076229
0.0762579
0.0762506
0.076279
0.0762976
0.076306
0.0763113
0.0763343
0.0763778
0.0764249
0.0764348
0.0764734
0.0764775
0.0764676
0.0764484
0.076473
0.0764931
0.0765223
0.0765036
0.076528
0.0765537
0.0765871
0.0765972
0.0766107
0.0766405
0.076624
0.0766338
0.076645
0.0766582
0.0766657
0.0766827
0.0767018
0.07672
0.0767427
0.0767663
0.0767754
0.07679
0.0768072
0.0768353
0.0768517
0.0768393
0.0768684
0.0768672
0.0769152
0.0769073
0.0769255
0.0769403
0.0769703
0.0770112
0.077028
0.0770317
0.0770533
0.077116
0.0771336
0.0771434
0.0771644
0.0771682
0.0771763
0.0771911
0.0772182
0.0771972
0.0772054
0.0772107
0.0772335
0.0772282
0.0772502
0.0772899
0.0773061
0.0773022
0.0773203
0.0773334
0.0773419
0.0773573
0.0773571
0.077376
0.0773819
0.077412
0.0774255
0.0774574
0.0774756
0.0774929
0.0774951
0.0774914
0.0775016
0.077528
0.077555
0.0775771
0.0775745
0.0775904
0.0776143
0.077635
0.0776698
0.0776848
0.0777212
0.0777426
0.0777837
0.0778259
0.0778665
0.0778883
0.0778749
0.0778978
0.0779035
0.0778938
0.0779215
0.0779463
0.0779555
0.0779756
0.0779837
0.077987
0.0779964
0.0780206
0.0780362
0.0780542
0.0780569
0.0780626
0.078078
0.0780981
0.0780951
0.0781291
0.0781457
0.0781457
0.0781868
0.0781934
0.0781954
0.0782229
0.0782552
0.0782439
0.0782347
0.0782587
0.078283
0.0783198
0.078356
0.0783792
0.0783959
0.078397
0.078431
0.078447
0.0784484
0.078454
0.0784824
0.0784852
0.0784813
0.0784863
0.0784764
0.0784627
0.0784578
0.0784456
0.0784626
0.0785202
0.0785338
0.0785328
0.0785586
0.0785825
0.0785966
0.0785992
0.0786294
0.078659
0.07866
0.0786684
0.078708
0.078706
0.0787264
0.0787611
0.0787869
0.0788255
0.0788294
0.0788322
0.0788683
0.078883
0.0789137
0.0789108
0.0789276
0.0789313
0.07894
0.0789547
0.0789767
0.0789857
0.0790137
0.0790249
0.0790306
0.0790612
0.0790565
0.0790801
0.0790963
0.0791226
0.0791295
0.0791542
0.079162
0.0791613
0.0791786
0.0791988
0.0792517
0.0792403
0.0792394
0.0792701
0.0792908
0.0793266
0.0793078
0.0793222
0.0793074
0.0793283
0.0793516
0.0793751
0.0793988
0.0794049
0.0794375
0.0794851
0.0795092
0.0795072
0.0795615
0.0795556
0.0795866
0.0796139
0.0796623
0.0796814
0.0797318
0.0797431
0.0797579
0.0797806
0.0797725
0.0797904
0.0798092
0.0798219
0.0798632
0.0798736
0.0799092
0.0799356
0.07996
0.0799782
0.0800005
0.07999
0.0800187
0.0800597
0.0800945
0.0801153
0.0801231
0.0801394
0.0801525
0.080175
0.0801698
0.0801984
0.0802317
0.0802554
0.0802724
0.0802941
0.0803125
0.0803237
0.0803244
0.0803385
0.0803679
0.0803739
0.0803982
0.0804206
0.0804139
0.0804447
0.0804364
0.080436
0.0804701
0.0804752
0.0804893
0.0804835
0.0805257
0.080532
0.0805566
0.0805436
0.0805585
0.0805792
0.0806077
0.0806284
0.0806323
0.08068
0.0806777
0.0806882
0.0807121
0.0807222
0.0807461
0.0807707
0.0807745
0.0807751
0.0807677
0.0807706
0.0807631
0.0807807
0.0807932
0.0808233
0.0808414
0.0808522
0.0808737
0.080894
0.0809177
0.0809317
0.0809429
0.0809631
0.0809905
0.0809972
0.0810154
0.0810412
0.0810766
0.0810859
0.0810902
0.0811332
0.0811284
0.0811368
0.0811467
0.0811643
0.0811814
0.081192
0.0812115
0.0812196
0.0812345
0.0812385
0.0812494
0.081269
0.0812702
0.0812844
0.0812974
0.081329
0.081328
0.0813657
0.0813702
0.0813872
0.0813816
0.0813994
0.081431
0.0814413
0.0814591
0.0814624
0.0814883
0.0815017
0.0815126
0.0815036
0.0815084
0.0815265
0.0815253
0.0815532
0.0815462
0.0815522
0.0815828
0.0815975
0.081596
0.0816307
0.0816357
0.0816534
0.0816403
0.0816614
0.0816677
0.0816829
0.0817123
0.0817283
0.0817318
0.0817304
0.081763
0.0817819
0.0817971
0.0818194
0.081851
0.0818874
0.0819102
0.0819285
0.0819521
0.0819725
0.0820099
0.0820409
0.0820495
0.0820548
0.0820656
0.0820762
0.0820826
0.0820909
0.0821134
0.0821424
0.0821574
0.0821675
0.0821944
0.0822184
0.0822159
0.0822085
0.0822353
0.0822433
0.0822402
0.0822461
0.0822598
0.0822798
0.0822929
0.0822991
0.0823355
0.0823582
0.0823679
0.0823783
0.0824028
0.0823989
0.0824366
0.0824386
0.0824528
0.0824926
0.0825079
0.0825319
0.0825568
0.0825693
0.0825921
0.0826011
0.0826246
0.0826452
0.0826682
0.0826876
0.0827233
0.0827463
0.0827514
0.0827658
0.0827735
0.0827785
0.0827713
0.0827783
0.082801
0.0828303
0.0828497
0.0828546
0.0828693
0.0828951
0.0828897
0.0829073
0.0829018
0.0829201
0.0829525
0.0829781
0.0829968
0.0830242
0.0830246
0.0830339
0.0830535
0.0830537
0.0830539
0.083076
0.0831085
0.0831041
0.0831294
0.0831398
0.0831774
0.0832034
0.0832263
0.0832501
0.0832886
0.0832866
0.0833119
0.0833384
0.0833696
0.0833709
0.083379
0.0834202
0.0834348
0.0834421
0.0834702
0.0834708
0.0835009
0.0835179
0.0835182
0.0835457
0.0835439
0.0835438
0.0835702
0.0836044
0.0835924
0.0835913
0.0836139
0.0836484
0.0836735
0.0836883
0.0837009
0.0837025
0.0837051
0.0837042
0.0837072
0.08371
0.0837324
0.0837574
0.0837602
0.083789
0.083822
0.0838449
0.08385
0.0838449
0.0838758
0.0838966
0.0839037
0.0839248
0.0839441
0.0839585
0.0839525
0.0839638
0.0839688
0.0839831
0.083989
0.0840056
0.0840253
0.0840604
0.0840638
0.0840629
0.0840584
0.0840975
0.0840981
0.0841105
0.0841361
0.0841482
0.0841664
0.084194
0.0842307
0.0842549
0.0842746
0.0842939
0.0843016
0.0843106
0.0843288
0.084341
0.084343
0.0843579
0.0843808
0.0844056
0.0844087
0.0844317
0.0844231
0.0844445
0.0844772
0.0844937
0.0844804
0.0844847
0.0844937
0.0845212
0.0845378
0.0845547
0.084576
0.0845914
0.0845979
0.0846129
0.0846238
0.0846469
0.0846705
0.0846931
0.084722
0.0847506
0.0847729
0.0847661
0.0847641
0.0847672
0.0847739
0.0848024
0.0848058
0.0848073
0.0848129
0.0848112
0.0848246
0.0848395
0.0848866
0.0848953
0.0848919
0.0849112
0.084913
0.0849231
0.0849533
0.0849603
0.0849943
0.0850011
0.0850173
0.0850381
0.0850451
0.0850792
0.0851019
0.0851151
0.0851274
0.0851367
0.0851538
0.0851568
0.0851732
0.0851881
0.0852112
0.0852151
0.0852225
0.085244
0.0852814
0.0853075
0.085303
0.0853207
0.0853137
0.085328
0.0853256
0.0853442
0.0853688
0.0853794
0.0853902
0.0853933
0.0854005
0.0854276
0.0854587
0.0854994
0.0855108
0.0855218
0.0855499
0.0855644
0.0855997
0.0856181
0.0856522
0.0856518
0.0856765
0.0856853
0.0856824
0.0857
0.0856987
0.0857156
0.0857258
0.0857576
0.0857889
0.085818
0.0858244
0.0858555
0.0858801
0.0858993
0.0858947
0.0859381
0.0859381
0.0859605
0.0859853
0.0860025
0.0860041
0.0860165
0.0860152
0.0860212
0.0860299
0.0860358
0.0860482
0.086072
0.0860864
0.0860905
0.0861218
0.086134
0.0861576
0.0861738
0.086176
0.0861859
0.0862003
0.0862181
0.0862404
0.0862481
0.0862735
0.0862749
0.0862806
0.0862946
0.0863419
0.0863663
0.0863797
0.0863868
0.086405
0.0864128
0.0864298
0.0864655
0.0864858
0.0864933
0.0864989
0.0865251
0.086552
0.0865749
0.0865921
0.0865948
0.0866118
0.0866255
0.086648
0.0866578
0.0866874
0.0866933
0.0866957
0.08671
0.0867353
0.086747
0.0867558
0.0867643
0.0867648
0.0868052
0.0868385
0.0868477
0.0868426
0.0868392
0.0868471
0.0868595
0.086887
0.086901
0.0869176
0.0869462
0.0869821
0.0869932
0.0870142
0.0870254
0.0870441
0.0870502
0.0870438
0.0870583
0.0870525
0.0870638
0.0870623
0.0870796
0.0870805
0.0870966
0.0871276
0.0871373
0.0871325
0.0871392
0.0871679
0.0871996
0.0872188
0.0872271
0.0872438
0.087286
0.0872883
0.0873109
0.0873114
0.0873218
0.0873233
0.0873398
0.087361
0.0873613
0.0873819
0.0873935
0.0874081
0.0874225
0.0874512
0.0874767
0.0874982
0.0875043
0.08751
0.0875254
0.087558
0.0875694
0.0875853
0.0875993
0.0876076
0.0876139
0.0876195
0.0876556
0.0876808
0.0876977
0.0877171
0.0877381
0.0877501
0.0877643
0.0877657
0.0877692
0.087777
0.0877761
0.0877966
0.0878097
0.0878247
0.0878269
0.0878594
0.0878815
0.0878905
0.0878972
0.0879086
0.0879472
0.0879644
0.0879762
0.0879896
0.0880011
0.088008
0.0880217
0.0880238
0.0880348
0.0880622
0.0880816
0.0881024
0.0881267
0.0881225
0.0881331
0.0881495
0.0881754
0.0881781
0.08821
0.0882234
0.0882437
0.0882575
0.088273
0.0882927
0.0882954
0.0883076
0.0883158
0.0883227
0.0883447
0.0883672
0.0884077
0.0884144
0.0884285
0.0884539
0.0884532
0.0884804
0.0885016
0.0885058
0.0885394
0.0885291
0.0885411
0.0885456
0.08857
0.0885862
0.0885967
0.088607
0.0886226
0.0886373
0.0886743
0.0886937
0.0887032
0.0887141
0.0887318
0.0887276
0.0887299
0.0887363
0.0887757
0.0887941
0.0888106
0.0888173
0.0888229
0.088832
0.0888326
0.0888365
0.08885
0.0888613
0.0888812
0.0888959
0.0888984
0.0889142
0.0889289
0.0889406
0.0889605
0.0889869
0.0889807
0.0889762
0.0889894
0.088989
0.0890055
0.0890184
0.0890484
0.0890799
0.0890948
0.0891048
0.0891143
0.0891364
0.0891707
0.0891771
0.089202
0.0892236
0.0892403
0.0892408
0.0892518
0.0892536
0.0892659
0.0892795
0.0892786
0.0892932
0.0893152
0.0893294
0.0893319
0.0893504
0.0893715
0.0893801
0.0893981
0.0894044
0.0894176
0.0894365
0.0894331
0.0894565
0.0894745
0.0894824
0.0895004
0.0895269
0.0895244
0.0895355
0.0895565
0.089564
0.0895661
0.0895517
0.0895506
0.0895683
0.0895874
0.0896136
0.0896354
0.0896444
0.0896581
0.0896682
0.0896599
0.0896662
0.0896743
0.0896867
0.0897012
0.0897042
0.0896963
0.0897267
0.0897405
0.0897476
0.0897659
0.0897989
0.0897962
0.0898095
0.0898494
0.0898655
0.089883
0.0899009
0.0898969
0.0899068
0.0899092
0.0899216
0.0899265
0.0899411
0.0899405
0.0899368
0.0899577
0.0899715
0.0899784
0.0899969
0.0900104
0.090025
0.0900526
0.0900773
0.0900984
0.0901328
0.0901425
0.0901646
0.0901857
0.0901818
0.0901861
0.0901974
0.0902282
0.0902471
0.0902661
0.0902768
0.0902937
0.0902771
0.0902736
0.0902681
0.0902971
0.0903043
0.0903083
0.0903178
0.0903127
0.0903238
0.0903463
0.0903554
0.0903691
0.0903853
0.090392
0.090408
0.0904282
0.0904583
0.0904807
0.0904739
0.0904824
0.0904976
0.0905081
0.0905315
0.0905599
0.0905713
0.0905831
0.0905931
0.0906028
0.0906041
0.0906135
0.0906079
0.0906348
0.0906486
0.0906697
0.0906873
0.0906987
0.0906995
0.0907334
0.0907456
0.0907578
0.0907904
0.0908157
0.0908279
0.0908375
0.0908299
0.0908493
0.0908732
0.0908819
0.0908911
0.0908991
0.0909063
0.0909154
0.0909449
0.0909522
0.0909457
0.0909621
0.0909667
0.0909988
0.0909958
0.0910076
0.0910341
0.0910494
0.0910618
0.0910683
0.0910739
0.0910902
0.0910926
0.0911042
0.0911271
0.0911234
0.0911374
0.0911504
0.0911613
0.0911641
0.0911643
0.0911722
0.0911895
0.0912055
0.0912181
0.0912162
0.0912214
0.0912086
0.0912207
0.0912435
0.0912736
0.0912854
0.0913041
0.0913304
0.0913554
0.0913504
0.0913759
0.0913856
0.0914171
0.0914318
0.0914573
0.0914791
0.0914789
0.0914851
0.0914977
0.0915139
0.0915274
0.0915392
0.0915439
0.0915742
0.0915925
0.0916154
0.0916311
0.0916418
0.0916639
0.0916652
0.0916801
0.0917111
0.0917252
0.0917576
0.0917875
0.0917818
0.0918003
0.0917987
0.0918306
0.0918441
0.0918627
0.091879
0.0918916
0.0919152
0.0919236
0.0919302
0.0919497
0.0919603
0.0919845
0.0920211
0.092029
0.0920417
0.0920521
0.092063
0.0920679
0.0920808
0.092087
0.0920995
0.0921203
0.0921279
0.0921341
0.0921631
0.0921756
0.0921869
0.0921974
0.0922141
0.0922358
0.092238
0.0922489
0.092243
0.0922481
0.0922569
0.0922807
0.0922998
0.0923248
0.0923455
0.0923539
0.0923732
0.0923937
0.0924224
0.0924433
0.0924739
0.092504
0.0925112
0.0925232
0.0925394
0.0925691
0.0925861
0.0926101
0.0926391
0.0926452
0.0926561
0.0926694
0.0926887
0.0926949
0.092707
0.092718
0.0927313
0.092738
0.0927638
0.0927792
0.0927877
0.0928043
0.0928226
0.0928428
0.0928552
0.0928587
0.0928674
0.0928874
0.0928975
0.09291
0.0929371
0.0929563
0.0929617
0.0929643
0.0929724
0.0929788
0.0929867
0.0929976
0.0930118
0.0930316
0.0930432
0.0930477
0.0930805
0.0930871
0.093102
0.0931263
0.0931359
0.0931574
0.09318
0.0931971
0.0932092
0.0932097
0.093223
0.0932168
0.0932372
0.0932474
0.0932584
0.093254
0.0932548
0.0932658
0.0932737
0.0932847
0.0933082
0.0933183
0.0933406
0.0933533
0.0933651
0.0933665
0.0933848
0.0934049
0.0934181
0.0934218
0.0934481
0.0934671
0.0934712
0.0935029
0.0935107
0.0935327
0.0935325
0.0935587
0.0935638
0.0935884
0.0936047
0.0936091
0.0936131
0.0936218
0.0936484
0.0936652
0.0936838
0.0936977
0.0937261
0.0937527
0.0937549
0.0937856
0.0938058
0.0938053
0.0938187
0.0938282
0.0938307
0.0938498
0.0938607
0.0938864
0.0939072
0.093925
0.0939453
0.0939819
0.0939934
0.0939984
0.0940144
0.0940155
0.0940385
0.0940392
0.0940726
0.0940827
0.0941
0.0941011
0.0941067
0.0941167
0.0941316
0.0941458
0.0941564
0.0941758
0.0941832
0.0942011
0.0942338
0.0942336
0.0942398
0.0942549
0.094267
0.0942845
0.094287
0.0943032
0.0943234
0.0943484
0.0943568
0.0943903
0.0944041
0.0944231
0.0944247
0.09445
0.0944669
0.0944864
0.0945096
0.0945277
0.0945574
0.0945652
0.0945761
0.0945996
0.0945996
0.0945998
0.0946054
0.0946207
0.0946316
0.094639
0.094643
0.0946492
0.094668
0.0946747
0.0946911
0.0947048
0.0947098
0.094719
0.094726
0.0947486
0.0947477
0.0947709
0.0947696
0.0947817
0.0948129
0.0948197
0.0948305
0.0948488
0.0948536
0.0948473
0.0948439
0.0948527
0.094872
0.0948916
0.0949059
0.094909
0.0949205
0.0949292
0.0949366
0.0949701
0.0949851
0.0949899
0.0949989
0.0950044
0.0950122
0.0950165
0.0950244
0.0950345
0.0950617
0.0950748
0.095071
0.0950857
0.0951015
0.0951161
0.095114
0.0951327
0.09515
0.0951625
0.0951598
0.0951603
0.0951728
0.0952009
0.0952164
0.0952194
0.0952454
0.0952569
0.0952596
0.0952719
0.0952919
0.0953051
0.0953239
0.0953353
0.0953672
0.0953779
0.0953893
0.0954047
0.095417
0.0954436
0.0954589
0.09547
0.0954956
0.0955141
0.0955279
0.0955241
0.0955386
0.0955467
0.0955546
0.0955655
0.0955812
0.0955837
0.0955965
0.0955986
0.0956224
0.0956452
0.0956561
0.0956737
0.0956766
0.0956869
0.0957088
0.0957318
0.0957396
0.0957451
0.0957553
0.0957617
0.0957623
0.0957696
0.0957848
0.0957978
0.0958085
0.0958115
0.095821
0.095814
0.0958252
0.0958259
0.0958457
0.0958674
0.0958704
0.0958756
0.095899
0.0959149
0.0959275
0.0959384
0.0959472
0.0959567
0.0959644
0.095979
0.0959894
0.0960193
0.0960392
0.0960478
0.0960664
0.0960936
0.0960951
0.0961028
0.0961281
0.0961431
0.0961551
0.096169
0.0961769
0.0961894
0.0962106
0.0962276
0.0962351
0.0962441
0.0962488
0.0962761
0.0963022
0.096316
0.0963271
0.0963508
0.096362
0.0963689
0.096373
0.0963783
0.0963764
0.0964004
0.0964036
0.0964176
0.0964382
0.0964485
0.0964649
0.0964729
0.0964763
0.0964821
0.0964912
0.0965193
0.0965449
0.0965524
0.0965724
0.0965724
0.0965888
0.0966049
0.0966075
0.0966272
0.0966485
0.0966619
0.0966797
0.0966783
0.0966818
0.0966922
0.0966995
0.0967219
0.0967335
0.096753
0.096763
0.0967745
0.0967964
0.096809
0.0968019
0.0968269
0.0968427
0.0968576
0.0968735
0.0968888
0.0969006
0.0969084
0.0969233
0.096943
0.0969464
0.096956
0.0969615
0.0969675
0.0969835
0.0969927
0.0970048
0.0970024
0.0970099
0.0970204
0.09705
0.0970545
0.0970517
0.0970549
0.0970613
0.0970863
0.0970991
0.0971053
0.097137
0.0971425
0.0971573
0.0971665
0.0971668
0.0971761
0.0971808
0.0971885
0.0972056
0.0972339
0.0972562
0.0972757
0.0972858
0.0972904
0.0973096
0.0973162
0.0973204
0.0973316
0.0973508
0.0973621
0.0973744
0.0973728
0.0973816
0.0973854
0.0973839
0.0973992
0.0974239
0.0974306
0.0974609
0.097473
0.0974907
0.0975134
0.0975237
0.0975348
0.0975371
0.0975609
0.0975833
0.0975919
0.0975958
0.0976127
0.0976174
0.0976308
0.0976376
0.097649
0.0976644
0.0976915
0.0977049
0.0977114
0.0977237
0.0977266
0.0977291
0.0977417
0.0977511
0.0977534
0.0977608
0.0977677
0.0977779
0.0978021
0.0978066
0.097817
0.0978311
0.0978557
0.0978612
0.0978754
0.0978753
0.097872
0.0978804
0.0978865
0.0978912
0.0978967
0.0979041
0.0979273
0.0979403
0.0979568
0.0979678
0.0979902
0.0979939
0.0980027
0.0980237
0.0980437
0.0980356
0.0980516
0.0980563
0.0980811
0.0980954
0.0981172
0.0981235
0.0981432
0.0981565
0.0981592
0.0981739
0.0981773
0.0981939
0.0982002
0.0982073
0.0982287
0.0982403
0.0982649
0.0982806
0.0982826
0.0982846
0.0982835
0.0982861
0.0983028
0.0983202
0.0983217
0.0983378
0.098345
0.098355
0.0983642
0.0983651
0.0983666
0.0983825
0.0983914
0.0984055
0.0984137
0.0984322
0.0984458
0.0984592
0.0984744
0.0984711
0.0984809
0.0985009
0.0985138
0.0985186
0.0985189
0.0985238
0.0985375
0.0985588
0.0985627
0.0985737
0.0985807
0.0986175
0.0986322
0.0986322
0.0986317
0.0986419
0.0986545
0.0986574
0.0986697
0.0986809
0.0986944
0.0987167
0.0987339
0.0987461
0.098763
0.0987743
0.0987807
0.0987867
0.0987928
0.0988016
0.0988225
0.0988378
0.0988423
0.0988594
0.0988668
0.0988748
0.0988987
0.0989078
0.0989265
0.0989325
0.0989489
0.098969
0.0989798
0.0989971
0.0990092
0.0990251
0.0990384
0.0990401
0.0990392
0.0990559
0.099069
0.0990692
0.0990777
0.0990801
0.0990965
0.0990985
0.0991077
0.0991075
0.0991169
0.099134
0.0991521
0.0991635
0.0991779
0.099199
0.0992132
0.0992235
0.0992328
0.0992437
0.0992646
0.0992843
0.0992952
0.0993094
0.0993222
0.0993288
0.0993455
0.0993642
0.0993837
0.0994006
0.099418
0.0994213
0.0994366
0.0994503
0.0994531
0.0994818
0.0994762
0.0994875
0.0994957
0.0995159
0.0995172
0.0995241
0.0995253
0.0995288
0.0995318
0.0995311
0.0995535
0.09956
0.0995719
0.0995868
0.0996001
0.0996148
0.0996324
0.0996479
0.0996504
0.0996499
0.0996716
0.0996646
0.0996728
0.0996865
0.0996899
0.0997045
0.099715
0.0997233
0.099747
0.0997541
0.0997658
0.0997815
0.0998053
0.0998271
0.0998421
0.0998506
0.0998712
0.0998812
0.0998996
0.0999254
0.0999409
0.0999559
0.0999548
0.0999622
0.0999825
0.0999982
0.100014
0.100013
0.100013
0.100009
0.100007
0.100017
0.10003
0.100042
0.100062
0.100075
0.100079
0.10011
0.100124
0.100129
0.100145
0.100148
0.100156
0.100171
0.100174
0.100181
0.10019
0.100201
0.100206
0.100222
0.100232
0.100243
0.100258
0.100271
0.100293
0.100317
0.100335
0.100342
0.100361
0.100378
0.100389
0.100407
0.100423
0.100449
0.10047
0.100493
0.100497
0.100506
0.100521
0.100524
0.100525
0.100537
0.100542
0.100573
0.100579
0.100592
0.100604
0.100632
0.100639
0.100653
0.100676
0.100692
0.1007
0.100712
0.100729
0.100735
0.100739
0.100749
0.100756
0.100764
0.100773
0.100778
0.100778
0.100782
0.100779
0.100792
0.100806
0.100825
0.100824
0.100835
0.100856
0.100872
0.100884
0.1009
0.100921
0.100927
0.100936
0.100959
0.100963
0.100971
0.100968
0.100978
0.100986
0.100992
0.101006
0.101022
0.101037
0.101061
0.10107
0.101085
0.101091
0.101106
0.101121
0.101136
0.101144
0.101164
0.101173
0.101181
0.101184
0.101187
0.101202
0.10121
0.101223
0.101225
0.101249
0.101268
0.101285
0.101291
0.101303
0.101301
0.101319
0.101337
0.101337
0.101334
0.101337
0.10135
0.101359
0.101371
0.101393
0.101394
0.101396
0.101404
0.101421
0.101431
0.101462
0.101475
0.101484
0.101498
0.101509
0.101521
0.101523
0.101531
0.101533
0.101542
0.101561
0.101575
0.101587
0.101592
0.101601
0.101615
0.101641
0.101655
0.101672
0.101689
0.101706
0.101715
0.101717
0.101728
0.101752
0.101763
0.101771
0.101771
0.10178
0.101801
0.101808
0.101839
0.101847
0.10184
0.101841
0.101846
0.10184
0.101849
0.10186
0.101876
0.101884
0.101901
0.101916
0.101921
0.101917
0.101926
0.101943
0.101964
0.101979
0.101989
0.102002
0.102018
0.102021
0.10203
0.102043
0.102067
0.102074
0.102085
0.102089
0.102106
0.102121
0.102148
0.102161
0.102172
0.102189
0.102197
0.102207
0.102215
0.102232
0.10224
0.102244
0.102252
0.102261
0.10226
0.102272
0.102278
0.10229
0.102308
0.102322
0.10233
0.102327
0.102333
0.102335
0.102348
0.102366
0.102376
0.102382
0.102393
0.102407
0.102422
0.102446
0.102449
0.102453
0.102472
0.102469
0.102481
0.102492
0.102506
0.10251
0.102515
0.10251
0.10252
0.102519
0.102533
0.102551
0.102557
0.102559
0.102559
0.102572
0.10258
0.102594
0.102613
0.102626
0.102638
0.102649
0.102669
0.10268
0.102705
0.102713
0.102723
0.102733
0.102733
0.102739
0.102746
0.102755
0.102776
0.102796
0.102817
0.102827
0.102836
0.102852
0.102864
0.102878
0.102886
0.102897
0.102904
0.102907
0.102918
0.10293
0.102936
0.102942
0.10295
0.102959
0.102973
0.103
0.103004
0.103019
0.103025
0.103037
0.103034
0.103055
0.103071
0.103088
0.103097
0.103118
0.103137
0.103148
0.10315
0.103151
0.103156
0.103169
0.103172
0.103172
0.103178
0.10319
0.103192
0.103208
0.103215
0.103216
0.103226
0.103233
0.103238
0.103248
0.103251
0.10326
0.103262
0.103269
0.103273
0.103292
0.10329
0.103302
0.103311
0.103322
0.103318
0.103331
0.103336
0.10334
0.103352
0.103367
0.103381
0.103386
0.103396
0.103407
0.10341
0.103421
0.103424
0.103432
0.103452
0.103458
0.103464
0.103472
0.103486
0.103501
0.103518
0.10353
0.103545
0.10355
0.103557
0.103572
0.103578
0.10358
0.103597
0.103608
0.103613
0.103615
0.103634
0.103652
0.103669
0.103694
0.1037
0.103709
0.103717
0.103724
0.103747
0.103758
0.103766
0.10377
0.103775
0.103779
0.10379
0.103806
0.103819
0.103837
0.103844
0.103854
0.103873
0.103878
0.103887
0.103908
0.103903
0.10392
0.103937
0.103947
0.103964
0.103979
0.103982
0.103999
0.104015
0.104031
0.104044
0.104053
0.104059
0.104064
0.104072
0.104101
0.104114
0.104118
0.104137
0.104145
0.104161
0.104177
0.104188
0.104198
0.104199
0.10421
0.104222
0.104226
0.104236
0.104252
0.104263
0.104264
0.104274
0.104277
0.10429
0.104306
0.10431
0.104322
0.104333
0.104343
0.104364
0.104373
0.104374
0.104377
0.104389
0.104394
0.104403
0.104419
0.104423
0.104428
0.104442
0.104457
0.104462
0.104461
0.10447
0.104484
0.104493
0.104503
0.104509
0.104525
0.104539
0.104557
0.104581
0.104584
0.104589
0.104595
0.104622
0.10464
0.104644
0.104655
0.104667
0.104682
0.104696
0.104708
0.104718
0.10473
0.104747
0.104752
0.104755
0.104762
0.104775
0.104789
0.104798
0.104822
0.104823
0.104828
0.104827
0.104833
0.104844
0.104856
0.104877
0.104892
0.104903
0.104917
0.104925
0.10494
0.104949
0.104957
0.10498
0.104988
0.104997
0.105013
0.105021
0.105025
0.10503
0.105035
0.105058
0.105073
0.105092
0.105089
0.105107
0.10512
0.105139
0.105145
0.105149
0.105149
0.105154
0.105168
0.10517
0.105179
0.105194
0.105214
0.105227
0.105236
0.10525
0.105263
0.105281
0.105287
0.105294
0.105307
0.105315
0.105313
0.105322
0.105337
0.105349
0.105365
0.105383
0.105393
0.10541
0.105424
0.105437
0.105437
0.105454
0.105465
0.105463
0.105461
0.105462
0.105471
0.105485
0.105489
0.105498
0.105499
0.10551
0.105526
0.105543
0.105557
0.10556
0.105576
0.105589
0.105599
0.105604
0.105613
0.105627
0.10563
0.105636
0.10564
0.105644
0.105653
0.105656
0.10566
0.105674
0.105679
0.105694
0.105699
0.105703
0.105712
0.105716
0.105727
0.105733
0.105739
0.105756
0.105767
0.105782
0.105802
0.105811
0.105818
0.10583
0.105834
0.105843
0.105857
0.105863
0.10587
0.105887
0.105893
0.105893
0.105892
0.105897
0.105911
0.105916
0.105928
0.105934
0.105947
0.105956
0.105959
0.105966
0.105977
0.105984
0.105987
0.105991
0.105999
0.106007
0.106019
0.106023
0.106035
0.106038
0.10605
0.106062
0.10607
0.106083
0.106092
0.106102
0.106114
0.106131
0.106131
0.106119
0.106128
0.106142
0.106153
0.106168
0.106179
0.106197
0.106203
0.106214
0.106223
0.10624
0.106251
0.106263
0.106272
0.106267
0.106286
0.106303
0.106312
0.10633
0.106342
0.106347
0.106359
0.106383
0.106398
0.106412
0.106418
0.10643
0.106424
0.10643
0.10644
0.106445
0.106459
0.106464
0.106472
0.106478
0.106488
0.106491
0.106505
0.10653
0.106528
0.106553
0.106569
0.106589
0.1066
0.106609
0.106623
0.106629
0.106635
0.106642
0.106652
0.106657
0.106669
0.106677
0.106687
0.106702
0.106711
0.106727
0.106731
0.106746
0.106769
0.106775
0.106775
0.106789
0.106798
0.106809
0.106826
0.106836
0.106846
0.106859
0.106876
0.106883
0.106892
0.1069
0.106906
0.106915
0.106926
0.10694
0.106946
0.106955
0.106974
0.106981
0.106988
0.107003
0.107012
0.107013
0.107025
0.107039
0.107058
0.107074
0.107071
0.107083
0.10708
0.107084
0.107103
0.107112
0.107119
0.107124
0.107136
0.107131
0.107135
0.107144
0.107159
0.107168
0.107176
0.107185
0.107189
0.107197
0.107208
0.10721
0.107226
0.10724
0.107243
0.107254
0.10726
0.107277
0.107285
0.107295
0.10731
0.107314
0.107322
0.107337
0.107347
0.107363
0.107374
0.107387
0.107395
0.107408
0.107435
0.107443
0.107449
0.107469
0.107472
0.107482
0.107491
0.107503
0.107505
0.107517
0.107526
0.107534
0.107539
0.107543
0.107553
0.107573
0.107586
0.107602
0.107612
0.107626
0.107626
0.107636
0.107648
0.107649
0.107655
0.107664
0.107673
0.107683
0.107703
0.107706
0.107721
0.107722
0.107733
0.10775
0.107756
0.107769
0.107783
0.107785
0.107786
0.107801
0.107812
0.107822
0.107836
0.107843
0.107853
0.107867
0.107878
0.107882
0.107895
0.107905
0.107919
0.107933
0.107939
0.10795
0.107965
0.107974
0.10799
0.108003
0.108016
0.108019
0.108023
0.108036
0.108045
0.108039
0.10805
0.108053
0.108064
0.108066
0.108075
0.10808
0.108088
0.108092
0.108102
0.108119
0.108132
0.108135
0.108146
0.108149
0.108155
0.108164
0.108171
0.108182
0.108181
0.108197
0.108193
0.108201
0.108214
0.108229
0.10823
0.108229
0.108243
0.108258
0.108255
0.108261
0.10827
0.108269
0.108285
0.108289
0.10829
0.1083
0.108312
0.108316
0.10832
0.10833
0.108343
0.108351
0.108361
0.108363
0.108371
0.108384
0.108399
0.10841
0.108421
0.108427
0.10844
0.108444
0.108464
0.108466
0.108471
0.108478
0.108489
0.108501
0.108514
0.10853
0.108553
0.108576
0.108589
0.108593
0.108604
0.108616
0.108633
0.108641
0.108653
0.108666
0.108671
0.108673
0.108671
0.10868
0.108693
0.108696
0.108701
0.108712
0.108718
0.108723
0.108723
0.108726
0.108736
0.108743
0.108755
0.108757
0.108787
0.108798
0.108807
0.108823
0.108829
0.108843
0.10885
0.108863
0.108865
0.108879
0.108887
0.108909
0.108918
0.108917
0.108929
0.108942
0.108943
0.108953
0.108962
0.108988
0.109004
0.109008
0.109017
0.109032
0.109049
0.109059
0.109058
0.109059
0.109076
0.10908
0.109094
0.1091
0.109108
0.109126
0.109137
0.109142
0.109153
0.109151
0.109165
0.10917
0.109176
0.109184
0.109195
0.109204
0.109219
0.109227
0.109226
0.109233
0.109239
0.109249
0.10925
0.109266
0.109278
0.109293
0.109312
0.109331
0.109342
0.109356
0.109355
0.109373
0.109385
0.1094
0.109409
0.109428
0.10944
0.10946
0.10947
0.109494
0.109497
0.109513
0.109527
0.109536
0.109542
0.109539
0.10955
0.109566
0.109577
0.109588
0.109604
0.109602
0.10962
0.109634
0.109642
0.109655
0.109658
0.109663
0.109668
0.109673
0.109686
0.109694
0.1097
0.109695
0.109705
0.10972
0.10974
0.109743
0.109743
0.109754
0.109762
0.109766
0.109777
0.109792
0.109812
0.109832
0.109839
0.109851
0.109853
0.109865
0.109872
0.109876
0.109882
0.109892
0.109906
0.109913
0.109922
0.109929
0.109942
0.109953
0.109961
0.109978
0.109988
0.109992
0.110004
0.110015
0.110033
0.110043
0.110058
0.110071
0.110085
0.110094
0.110106
0.110113
0.110119
0.110125
0.110134
0.110144
0.110154
0.110171
0.110185
0.110194
0.110199
0.110211
0.110227
0.110234
0.110237
0.110246
0.110258
0.110268
0.110271
0.110285
0.110289
0.110303
0.110314
0.110314
0.110322
0.110335
0.110347
0.110368
0.110377
0.110391
0.110398
0.110409
0.110409
0.110413
0.11043
0.110448
0.110454
0.110464
0.110464
0.110476
0.110483
0.110497
0.110504
0.110502
0.110522
0.110525
0.110534
0.110538
0.110541
0.110556
0.110559
0.110565
0.11058
0.110592
0.110599
0.110616
0.110627
0.110626
0.110638
0.110647
0.110659
0.110669
0.11067
0.110683
0.110687
0.110702
0.11071
0.110726
0.110742
0.110741
0.110752
0.110769
0.110776
0.110801
0.11081
0.110819
0.110828
0.110838
0.110847
0.110861
0.110868
0.110875
0.110877
0.11088
0.110893
0.110896
0.110899
0.110906
0.110915
0.110926
0.110931
0.110944
0.110951
0.110976
0.110991
0.110998
0.111009
0.111019
0.111036
0.11104
0.111048
0.111051
0.111059
0.111067
0.11107
0.111076
0.111089
0.111096
0.111105
0.111119
0.111133
0.111149
0.111159
0.111169
0.111183
0.111191
0.111202
0.111216
0.111226
0.111236
0.111244
0.111263
0.111266
0.111273
0.11128
0.111291
0.111294
0.111298
0.111301
0.11131
0.111324
0.111344
0.111356
0.111369
0.111379
0.111392
0.111409
0.111418
0.111422
0.111438
0.11145
0.11146
0.111466
0.111481
0.111492
0.1115
0.111508
0.11151
0.111515
0.111522
0.111527
0.111536
0.111545
0.111557
0.111559
0.111576
0.111582
0.111587
0.111587
0.111594
0.111598
0.111611
0.111618
0.111624
0.11164
0.111641
0.111649
0.111655
0.111654
0.111669
0.111667
0.11166
0.111666
0.111667
0.111674
0.111685
0.111699
0.111719
0.11173
0.111736
0.111747
0.111761
0.111774
0.111785
0.111798
0.111812
0.111816
0.111826
0.111838
0.11184
0.111858
0.111859
0.11188
0.11189
0.111901
0.111899
0.111909
0.111912
0.111917
0.111922
0.111917
0.111925
0.111934
0.111944
0.111961
0.111961
0.11197
0.111974
0.111984
0.111998
0.112009
0.112022
0.112023
0.112034
0.112039
0.112051
0.112061
0.112068
0.112074
0.112087
0.112095
0.112101
0.112107
0.112125
0.112144
0.112152
0.112156
0.112159
0.11217
0.112174
0.112187
0.112192
0.11221
0.112218
0.112229
0.11224
0.112251
0.112275
0.112285
0.112287
0.112304
0.112316
0.112325
0.112326
0.112337
0.112342
0.112351
0.112358
0.112367
0.112378
0.112383
0.112406
0.112416
0.11242
0.112433
0.112444
0.112457
0.112466
0.112474
0.112481
0.112486
0.112496
0.112502
0.112511
0.112519
0.112523
0.112537
0.112547
0.112559
0.112567
0.112569
0.112574
0.112589
0.112609
0.112624
0.112627
0.11263
0.112641
0.112655
0.112661
0.112662
0.11268
0.112689
0.112699
0.11271
0.112708
0.112712
0.112714
0.112728
0.112735
0.112746
0.112756
0.112766
0.112775
0.112782
0.112785
0.11279
0.112804
0.11282
0.112834
0.112841
0.112847
0.112859
0.112859
0.112868
0.11289
0.112904
0.112909
0.112917
0.112934
0.112934
0.112946
0.112963
0.112974
0.112988
0.112996
0.113007
0.113004
0.113018
0.113029
0.113034
0.113047
0.113056
0.113069
0.113077
0.113074
0.113083
0.113103
0.11311
0.113118
0.113126
0.113136
0.113149
0.113157
0.113166
0.113176
0.113183
0.113192
0.113212
0.113229
0.113233
0.113246
0.113254
0.113264
0.113269
0.113277
0.113283
0.113294
0.113294
0.113306
0.113312
0.113318
0.11332
0.113329
0.113333
0.113336
0.113343
0.113351
0.11336
0.113369
0.113382
0.11339
0.113398
0.113413
0.113409
0.113428
0.113443
0.113452
0.113461
0.11348
0.113488
0.11349
0.113503
0.113502
0.11351
0.113521
0.113532
0.113545
0.113546
0.113557
0.113558
0.113559
0.113577
0.113589
0.113597
0.113605
0.113616
0.113626
0.113632
0.113638
0.113654
0.113663
0.113664
0.113673
0.11368
0.113695
0.113707
0.113714
0.11373
0.113732
0.11374
0.113751
0.113766
0.113772
0.113784
0.113789
0.113797
0.113805
0.113817
0.113823
0.113833
0.11384
0.113855
0.11387
0.113883
0.113895
0.1139
0.113903
0.113902
0.113911
0.113913
0.113922
0.113926
0.113925
0.113938
0.113942
0.113946
0.113952
0.113955
0.113962
0.11397
0.113981
0.113991
0.114005
0.114014
0.11403
0.114028
0.114031
0.114044
0.114054
0.114063
0.114075
0.114078
0.114081
0.114083
0.114094
0.1141
0.114106
0.114115
0.11412
0.11414
0.114157
0.114172
0.114176
0.114182
0.114189
0.114194
0.114203
0.114205
0.114214
0.114224
0.114232
0.114236
0.114254
0.114264
0.114268
0.114278
0.114281
0.114284
0.114298
0.11431
0.114317
0.114322
0.114325
0.114334
0.114345
0.114359
0.114366
0.114376
0.114382
0.11439
0.114391
0.114397
0.11441
0.114415
0.114415
0.114431
0.114445
0.114448
0.114451
0.114455
0.114461
0.114474
0.114477
0.114492
0.114506
0.114514
0.114527
0.114537
0.114545
0.114558
0.114555
0.11456
0.114571
0.114573
0.114581
0.114584
0.114592
0.114601
0.114605
0.114603
0.114615
0.114622
0.114628
0.114637
0.114646
0.114658
0.114672
0.114693
0.114707
0.114709
0.114713
0.114723
0.114731
0.114739
0.114747
0.114747
0.114749
0.114761
0.114773
0.114783
0.114791
0.1148
0.114806
0.11481
0.114821
0.114825
0.114832
0.114843
0.114846
0.11486
0.114863
0.114868
0.114874
0.114883
0.114891
0.1149
0.114904
0.114907
0.114914
0.114926
0.114933
0.114941
0.114953
0.114972
0.11498
0.114988
0.114985
0.114986
0.114997
0.114996
0.115004
0.11501
0.115015
0.115023
0.11503
0.11504
0.115054
0.11506
0.115076
0.115081
0.115091
0.115098
0.115102
0.115104
0.115116
0.11513
0.115144
0.115154
0.115163
0.115169
0.115174
0.115179
0.115179
0.115185
0.115189
0.115186
0.115197
0.115206
0.115218
0.115226
0.115236
0.115256
0.115263
0.11527
0.115271
0.115277
0.115285
0.115291
0.115308
0.115321
0.11533
0.115336
0.115342
0.11535
0.115361
0.115371
0.115384
0.115396
0.115402
0.115415
0.115424
0.115441
0.115448
0.115459
0.115464
0.115471
0.115485
0.115489
0.115498
0.115508
0.115512
0.115521
0.115533
0.115536
0.11554
0.115548
0.115562
0.115565
0.115576
0.11558
0.115587
0.115594
0.115604
0.115612
0.115625
0.115638
0.115647
0.115655
0.115659
0.115663
0.115667
0.11568
0.115695
0.115708
0.115721
0.115729
0.115738
0.115743
0.115752
0.115763
0.115779
0.115793
0.115806
0.115825
0.115832
0.115844
0.115852
0.115859
0.115864
0.115874
0.115887
0.115899
0.115905
0.115908
0.115913
0.115926
0.115936
0.115953
0.115966
0.11598
0.115988
0.115997
0.11601
0.116017
0.116029
0.116035
0.116046
0.116055
0.116058
0.116072
0.116086
0.116097
0.116107
0.116119
0.116126
0.116141
0.116144
0.116154
0.116163
0.116165
0.116174
0.116183
0.116192
0.116201
0.116206
0.116219
0.116217
0.116228
0.11624
0.116246
0.116253
0.116266
0.116279
0.11628
0.116293
0.11631
0.116318
0.116327
0.11633
0.116341
0.116353
0.116364
0.116371
0.116368
0.116384
0.116393
0.116397
0.116404
0.116411
0.116421
0.116424
0.116433
0.116442
0.116452
0.116453
0.116462
0.116462
0.116467
0.116485
0.116496
0.116501
0.116508
0.116514
0.116523
0.116529
0.116541
0.116544
0.116553
0.116565
0.116565
0.116571
0.116579
0.116579
0.116586
0.116596
0.116605
0.116613
0.116623
0.116634
0.116647
0.116663
0.116678
0.116676
0.116679
0.116691
0.11669
0.1167
0.116709
0.116717
0.116723
0.116729
0.116736
0.116746
0.116746
0.116758
0.116769
0.116776
0.11679
0.11681
0.116831
0.116833
0.116842
0.116847
0.116861
0.11686
0.116859
0.116877
0.116888
0.116895
0.116906
0.116903
0.116909
0.116914
0.116914
0.116926
0.116938
0.116945
0.116949
0.116956
0.116967
0.116979
0.116983
0.117001
0.11701
0.117015
0.117018
0.117025
0.11703
0.117038
0.117042
0.11705
0.117061
0.117066
0.117078
0.117098
0.117108
0.117112
0.117124
0.117128
0.117129
0.117147
0.117162
0.11717
0.11718
0.117193
0.117197
0.117214
0.117222
0.117221
0.117221
0.11723
0.11724
0.117254
0.117263
0.117265
0.117273
0.117278
0.117284
0.117298
0.117303
0.117309
0.117318
0.117327
0.117332
0.117334
0.11734
0.117336
0.117343
0.117353
0.117367
0.117377
0.117379
0.117388
0.117395
0.117402
0.117402
0.117414
0.117429
0.117435
0.117435
0.117447
0.117452
0.117461
0.117466
0.117473
0.117484
0.117492
0.117492
0.117499
0.117514
0.117519
0.117532
0.117545
0.117548
0.117546
0.117557
0.117568
0.117575
0.117583
0.117589
0.117595
0.1176
0.117616
0.117632
0.117642
0.117651
0.117654
0.117658
0.117664
0.117669
0.11768
0.117695
0.117706
0.117709
0.117709
0.11772
0.117724
0.117735
0.117744
0.117753
0.117764
0.117768
0.117775
0.117783
0.117788
0.117798
0.117801
0.117809
0.117813
0.117822
0.117826
0.117836
0.117847
0.117856
0.11786
0.117865
0.117874
0.117878
0.117898
0.117918
0.117928
0.117939
0.117946
0.117959
0.117968
0.117973
0.117988
0.117991
0.118001
0.118019
0.118026
0.118031
0.118034
0.118055
0.118063
0.118067
0.118079
0.118091
0.118093
0.118103
0.11811
0.118116
0.118132
0.118139
0.118165
0.118175
0.118183
0.11819
0.118198
0.118205
0.118213
0.118215
0.118234
0.118241
0.118245
0.118255
0.11826
0.11827
0.118277
0.118284
0.118289
0.118299
0.118304
0.118309
0.118322
0.118324
0.118336
0.118334
0.11834
0.11835
0.118352
0.118355
0.118368
0.118374
0.118379
0.118388
0.118395
0.118399
0.118408
0.118417
0.11842
0.118434
0.118442
0.118448
0.118441
0.118451
0.118463
0.118466
0.118473
0.118484
0.11849
0.118496
0.118508
0.11852
0.118528
0.118537
0.118544
0.118553
0.118559
0.118579
0.118583
0.118593
0.118601
0.118604
0.11862
0.118628
0.118634
0.11864
0.11864
0.118651
0.118666
0.118667
0.11868
0.118688
0.118693
0.118693
0.118705
0.118708
0.118713
0.118725
0.118732
0.118741
0.118747
0.118751
0.118756
0.118768
0.118785
0.118792
0.118795
0.118802
0.118808
0.118822
0.118837
0.118847
0.118853
0.118863
0.118864
0.118869
0.118877
0.118882
0.118893
0.118911
0.11892
0.118932
0.118937
0.118934
0.118945
0.118949
0.118959
0.118967
0.11897
0.11897
0.118974
0.118973
0.118977
0.118984
0.118994
0.118998
0.119005
0.119017
0.119032
0.11904
0.119045
0.11905
0.119064
0.119074
0.119087
0.119089
0.119107
0.119106
0.119119
0.119126
0.119132
0.119142
0.119158
0.119159
0.119162
0.119172
0.119172
0.119176
0.119182
0.119192
0.119207
0.119217
0.119235
0.119243
0.119244
0.119264
0.119272
0.119277
0.119288
0.119295
0.119304
0.119311
0.119315
0.119329
0.119331
0.119337
0.119354
0.119365
0.119377
0.119383
0.119397
0.119397
0.11941
0.119419
0.119428
0.119436
0.119447
0.119461
0.119465
0.119471
0.119479
0.119479
0.119493
0.119504
0.119506
0.119516
0.11952
0.119523
0.119532
0.11953
0.119533
0.119543
0.119543
0.119549
0.119565
0.119577
0.119578
0.119586
0.119594
0.119607
0.119616
0.119631
0.119636
0.119646
0.119654
0.119661
0.119676
0.119683
0.11969
0.119697
0.119704
0.119702
0.119705
0.119708
0.119716
0.119735
0.119734
0.119749
0.119762
0.119771
0.119791
0.119805
0.119812
0.119817
0.119822
0.119834
0.119843
0.119848
0.119858
0.119865
0.11987
0.119872
0.11988
0.11989
0.119901
0.11991
0.119916
0.11993
0.119934
0.119943
0.119953
0.119953
0.11996
0.119964
0.119976
0.119986
0.119991
0.119998
0.120005
0.120015
0.120024
0.120029
0.120035
0.120043
0.120052
0.120059
0.120068
0.120072
0.120085
0.120094
0.120102
0.120105
0.120116
0.120118
0.120124
0.12013
0.120143
0.12015
0.120151
0.120155
0.120156
0.120162
0.120179
0.12019
0.120196
0.120207
0.12021
0.120221
0.120228
0.120235
0.120246
0.120256
0.120262
0.120275
0.120284
0.120294
0.120296
0.120311
0.120322
0.120333
0.120339
0.120352
0.12036
0.120368
0.120375
0.120378
0.120387
0.120398
0.120413
0.120414
0.120426
0.120427
0.120419
0.120427
0.120435
0.120443
0.120444
0.120456
0.120465
0.120479
0.120486
0.120501
0.120509
0.120528
0.120535
0.120544
0.120554
0.120558
0.120569
0.120578
0.120589
0.120592
0.120603
0.12061
0.120613
0.120626
0.120627
0.120644
0.120654
0.120667
0.120673
0.120673
0.12068
0.120679
0.12069
0.120693
0.120695
0.120703
0.120709
0.120723
0.12073
0.12074
0.12075
0.120755
0.120761
0.120771
0.120777
0.120786
0.120796
0.120804
0.120813
0.120817
0.120827
0.120836
0.120848
0.120853
0.12086
0.120864
0.120868
0.12088
0.120883
0.120882
0.120896
0.120904
0.120917
0.120924
0.120936
0.120942
0.120949
0.120957
0.120968
0.120967
0.120982
0.120988
0.120993
0.121003
0.121011
0.121009
0.121015
0.121019
0.121024
0.121029
0.121042
0.121048
0.121053
0.121062
0.121074
0.121079
0.12108
0.121092
0.121093
0.121099
0.121112
0.121121
0.121134
0.121143
0.121148
0.121161
0.121163
0.121172
0.121177
0.121184
0.121189
0.121196
0.121205
0.121216
0.12122
0.121231
0.121237
0.12125
0.121259
0.121272
0.121278
0.121282
0.121293
0.121295
0.121304
0.121309
0.121321
0.121329
0.121336
0.121345
0.121348
0.121354
0.121361
0.12137
0.121384
0.121394
0.121402
0.121415
0.121423
0.121436
0.12144
0.121455
0.121461
0.121471
0.121478
0.121484
0.121487
0.121501
0.121506
0.121508
0.12151
0.121516
0.121532
0.121542
0.121552
0.121558
0.12157
0.121583
0.121593
0.121611
0.121618
0.121623
0.121631
0.121639
0.121648
0.121656
0.121665
0.121678
0.121685
0.121695
0.121707
0.121712
0.121717
0.12173
0.121736
0.121742
0.121752
0.121762
0.12177
0.121772
0.121783
0.121786
0.121788
0.121803
0.12181
0.121816
0.121826
0.121829
0.121842
0.121854
0.121864
0.121875
0.121883
0.121892
0.121902
0.121911
0.12192
0.121929
0.121936
0.121944
0.121956
0.121958
0.121968
0.121973
0.121982
0.121993
0.121996
0.122001
0.122006
0.122013
0.122012
0.122016
0.122024
0.122034
0.122044
0.122056
0.122063
0.122071
0.122081
0.122091
0.122099
0.122106
0.122109
0.122121
0.122129
0.12214
0.122144
0.122152
0.122157
0.122161
0.122174
0.122181
0.122193
0.122195
0.122204
0.122205
0.122218
0.122229
0.122236
0.122246
0.12225
0.122255
0.122261
0.12227
0.122281
0.122284
0.122296
0.122308
0.122316
0.12232
0.122324
0.122333
0.122344
0.122351
0.12236
0.122369
0.122379
0.122389
0.122395
0.122403
0.122414
0.122426
0.122437
0.12245
0.12246
0.122462
0.12247
0.122479
0.122489
0.1225
0.122507
0.122511
0.122518
0.122523
0.122525
0.122531
0.122537
0.122542
0.122555
0.122566
0.122571
0.122583
0.122594
0.122598
0.12261
0.12261
0.122621
0.12263
0.122641
0.122652
0.122651
0.122662
0.122669
0.122676
