0
0.506211
0.334347
0.22002
0.166292
0.135398
0.1143
0.0988475
0.0865683
0.0769496
0.0692521
0.065751
0.0631313
0.0607277
0.0581753
0.056352
0.0542986
0.0524628
0.0506189
0.0494647
0.0481628
0.0469502
0.0456665
0.0442395
0.0429773
0.0418811
0.0410983
0.0403023
0.0396721
0.0387696
0.0377712
0.0371159
0.036415
0.0359012
0.0352423
0.0348384
0.0343605
0.0337034
0.0330665
0.0323824
0.031738
0.0310919
0.0306778
0.0302129
0.029922
0.0293714
0.0289562
0.0286188
0.0282793
0.0280935
0.0277719
0.0272567
0.0268285
0.02653
0.0260973
0.0257557
0.0254278
0.0251578
0.024775
0.0247987
0.0245813
0.0243773
0.0241745
0.0238404
0.0235825
0.0233613
0.0231132
0.0229095
0.0226887
0.0223762
0.0221611
0.022148
0.022016
0.0217655
0.021532
0.0213018
0.0210419
0.020874
0.0206252
0.020604
0.0203783
0.0202334
0.0201012
0.0200825
0.0199518
0.0197246
0.0196502
0.0194936
0.0193478
0.0192027
0.0190811
0.0189488
0.0187773
0.0186825
0.0186384
0.0185174
0.01839
0.0184009
0.0183956
0.0183004
0.0182005
0.0180983
0.0180459
0.0179497
0.0179548
0.017906
0.0177971
0.0176486
0.0176028
0.0174455
0.017338
0.0173782
0.0172911
0.0172616
0.0171802
0.0171773
0.0171264
0.0169776
0.0168811
0.016936
0.0168023
0.0167176
0.0166351
0.0165969
0.016547
0.0166096
0.0166292
0.0166058
0.01653
0.0164487
0.016471
0.0164952
0.0164973
0.0165195
0.0164938
0.0164613
0.0164826
0.0165823
0.0164738
0.0164217
0.0164564
0.0163921
0.0163705
0.0163242
0.0162797
0.0161669
0.0161082
0.0159962
0.0159631
0.0159444
0.0158375
0.0158501
0.0158386
0.0158174
0.0158141
0.0157927
0.0157308
0.0156773
0.0156215
0.0156802
0.0157018
0.0156124
0.0156689
0.0156375
0.0157287
0.0156597
0.0156558
0.0162454
0.0163402
0.0166813
0.0166997
0.0169521
0.0173827
0.0177458
0.0180933
0.0185117
0.0187767
0.0188742
0.0188704
0.0188091
0.0187441
0.0186515
0.0185526
0.0184631
0.0184065
0.0183203
0.018225
0.0181514
0.0181013
0.0180778
0.0180161
0.0179301
0.0178472
0.0177667
0.0176691
0.0176004
0.017511
0.0174277
0.0173731
0.0172918
0.0172352
0.0171508
0.0170717
0.017035
0.0169526
0.0168759
0.0167936
0.0167189
0.0166457
0.0165803
0.0165631
0.0164921
0.0164248
0.0163613
0.0163166
0.0162432
0.0162235
0.0161819
0.0161427
0.0160617
0.0159889
0.0159442
0.0158799
0.0158071
0.0157701
0.0157309
0.0156585
0.0155929
0.0155541
0.0155495
0.0155254
0.0154635
0.0154537
0.0154182
0.0154586
0.0154493
0.0154631
0.0154551
0.0154145
0.015358
0.0153385
0.0153038
0.0152751
0.0152196
0.0151892
0.0151515
0.0151404
0.0151246
0.015088
0.0150309
0.015005
0.0150158
0.0149603
0.0149293
0.0149441
0.0148997
0.0148654
0.014836
0.0147817
0.0147732
0.0147903
0.0147615
0.0147383
0.0147258
0.0146794
0.0146503
0.0146469
0.0146418
0.014592
0.0145597
0.0145135
0.0144802
0.0144593
0.0144068
0.0143572
0.0143548
0.014333
0.0143094
0.0142966
0.0142659
0.0142521
0.0142285
0.0141742
0.0141309
0.0140833
0.0140567
0.0140135
0.0139668
0.01398
0.0139343
0.0139365
0.0139094
0.013905
0.013859
0.0138359
0.0138107
0.0137629
0.0137545
0.0137736
0.0137286
0.0137233
0.013687
0.0136628
0.0136824
0.0137148
0.0137529
0.0137704
0.0137707
0.0137643
0.0137436
0.0137634
0.0137412
0.0137717
0.0137643
0.0138214
0.0138366
0.0138729
0.0138497
0.0138769
0.0138407
0.0138147
0.0138121
0.0138472
0.0138264
0.0137856
0.0137856
0.0138388
0.0138165
0.0138365
0.013794
0.0137743
0.0138229
0.0138027
0.0137831
0.0137784
0.0137704
0.0137791
0.0137616
0.0137577
0.0137388
0.0137743
0.0138094
0.0137888
0.0137805
0.013746
0.0137435
0.013724
0.0137389
0.0137174
0.0137161
0.0137156
0.0136941
0.0136929
0.0136851
0.0136478
0.0136927
0.0136848
0.0136466
0.0136472
0.0136234
0.0136018
0.0136173
0.0136307
0.0136281
0.0136577
0.0136558
0.0136705
0.0136701
0.0136666
0.013661
0.0136557
0.0136718
0.0136851
0.0136838
0.0136991
0.0136966
0.0137416
0.0137182
0.013731
0.0137262
0.0137414
0.0137409
0.0137543
0.0137704
0.0137798
0.0137957
0.0138407
0.0138562
0.0138852
0.0138808
0.0138773
0.013893
0.0138898
0.0139138
0.0138785
0.0138781
0.0138601
0.0138377
0.0138765
0.0138569
0.0138351
0.0138484
0.0138449
0.0138399
0.0138645
0.0138465
0.0138129
0.0138085
0.0138193
0.0138188
0.01383
0.0138092
0.0138067
0.0138222
0.0137839
0.0137954
0.0137795
0.0137934
0.0138695
0.0138706
0.0138512
0.013992
0.0139902
0.0139879
0.0140321
0.0140144
0.0139943
0.0140204
0.0140161
0.0140013
0.0140481
0.0140685
0.0140675
0.0140628
0.0140296
0.0140275
0.0140352
0.0140442
0.0140411
0.0140227
0.0140578
0.014026
0.014037
0.0140488
0.0140355
0.0140185
0.0139861
0.0139722
0.0139697
0.0140046
0.0139887
0.0139994
0.0140229
0.0140347
0.0140731
0.0140678
0.0141018
0.0140966
0.0141187
0.0141321
0.0141009
0.0140706
0.0140802
0.0141168
0.014127
0.0141139
0.0141242
0.0141465
0.0141448
0.0141428
0.0141406
0.0141352
0.0141718
0.0141809
0.0141909
0.0142279
0.014264
0.0142732
0.0142982
0.0143345
0.0143161
0.0143257
0.0143118
0.0143068
0.0143184
0.014308
0.0143313
0.0143133
0.0142983
0.0143199
0.0143437
0.0143294
0.0143122
0.0142978
0.0142841
0.0143049
0.0143524
0.0143606
0.0143438
0.0143524
0.014363
0.0143846
0.0143709
0.0143942
0.014404
0.0144243
0.0144225
0.0144083
0.0143927
0.0144148
0.0144434
0.0144184
0.0144364
0.0144368
0.0144564
0.0144402
0.0144366
0.0144594
0.0144817
0.0145269
0.014544
0.0145617
0.0145695
0.0145553
0.0145864
0.0145708
0.0145788
0.0145874
0.0145857
0.0145824
0.0145911
0.014598
0.0146071
0.0146262
0.0146044
0.014598
0.0145959
0.0146017
0.0146217
0.0146392
0.0146447
0.0146634
0.0146844
0.0146689
0.0146633
0.0146696
0.0146557
0.0146506
0.0146575
0.0146748
0.0146585
0.0146541
0.0146853
0.0147261
0.0147424
0.0147486
0.0147441
0.0147528
0.0147679
0.0147762
0.0148041
0.0148234
0.0148303
0.0148702
0.0148816
0.014857
0.0148869
0.0148956
0.0149043
0.014922
0.0149739
0.0149814
0.0150205
0.0150366
0.0150463
0.0150525
0.0150813
0.0150906
0.0151063
0.015086
0.0151121
0.0151575
0.015174
0.0152225
0.0152309
0.0152303
0.0152588
0.0152746
0.0152699
0.0152963
0.0152895
0.0152978
0.0152941
0.0152986
0.0153362
0.0153453
0.015364
0.0153578
0.0153798
0.0153835
0.0154427
0.0154404
0.0154558
0.0155325
0.0155509
0.0155438
0.0155596
0.0155943
0.0155967
0.0156136
0.0156405
0.0156843
0.0156816
0.015666
0.015673
0.0157082
0.0157272
0.0157719
0.0157763
0.0158192
0.0158139
0.0158392
0.015864
0.015861
0.0158952
0.0159224
0.0159366
0.0159276
0.0159599
0.0159585
0.0159738
0.0159696
0.0159449
0.0160072
0.0160034
0.0160005
0.0160134
0.0159985
0.0159929
0.0159758
0.015983
0.0160168
0.0160293
0.0160415
0.016057
0.0160702
0.0160805
0.0160853
0.0161087
0.0161044
0.0161083
0.016123
0.0161473
0.0161783
0.0161885
0.0162396
0.0162523
0.0162355
0.0162206
0.0162259
0.0162671
0.0162817
0.0163149
0.0163075
0.0162958
0.0163027
0.0163352
0.0163616
0.0163836
0.0163985
0.0164107
0.0164319
0.0164367
0.0164567
0.0164963
0.0164805
0.016524
0.0165115
0.0165062
0.0165375
0.0165441
0.0165596
0.0165744
0.0165781
0.0165903
0.0166135
0.0166258
0.016681
0.0167188
0.01672
0.0167239
0.0167637
0.0167509
0.0167625
0.0167851
0.0167774
0.0167854
0.0167971
0.0168186
0.0168051
0.0168086
0.0168277
0.0168306
0.0168231
0.016845
0.0168651
0.0168854
0.0168979
0.0169178
0.0169104
0.0169238
0.0169791
0.0169931
0.0170286
0.0170667
0.0170587
0.0170603
0.0171058
0.0171073
0.0171108
0.0171043
0.0171888
0.0171988
0.0172004
0.017272
0.0172646
0.0172656
0.0172782
0.0172646
0.0172437
0.0172543
0.0172837
0.0172936
0.0173299
0.0173343
0.0173604
0.0173629
0.0173646
0.0173938
0.0174142
0.017416
0.017435
0.0174362
0.0174382
0.0174849
0.0174787
0.0175
0.0175199
0.0175299
0.0175411
0.0175258
0.0175372
0.0175501
0.0175757
0.0175939
0.0175876
0.0176325
0.0177094
0.0177444
0.0177439
0.0177576
0.0177574
0.0177839
0.0178041
0.0178188
0.0178512
0.0178618
0.0178764
0.0179355
0.0179833
0.0180098
0.01801
0.018034
0.0180424
0.0180566
0.0180485
0.018073
0.0180801
0.0180773
0.0180947
0.0180957
0.0180789
0.018089
0.0181269
0.0181416
0.0181506
0.0181424
0.018161
0.0181876
0.0181962
0.0182278
0.0182593
0.0182765
0.0182824
0.0182983
0.0183228
0.0183888
0.0184162
0.0184576
0.018461
0.0184752
0.0184964
0.0185195
0.0185136
0.0185234
0.0185691
0.0185932
0.0186069
0.018587
0.0185955
0.0186109
0.0186177
0.018626
0.0186543
0.0186959
0.0187181
0.018719
0.0187444
0.01874
0.0187714
0.018793
0.0187939
0.0188085
0.0188314
0.0188639
0.018893
0.0189112
0.0189181
0.0189192
0.0189456
0.0189462
0.0189528
0.0189682
0.0189862
0.0190025
0.0190336
0.0190233
0.0190318
0.0190539
0.0190903
0.019099
0.0190854
0.0191018
0.0191358
0.0191422
0.0191763
0.019199
0.019189
0.0192041
0.0192174
0.019233
0.0192399
0.019233
0.0192413
0.0192386
0.0192374
0.0192485
0.0192407
0.0192766
0.019297
0.0193234
0.0193504
0.0194228
0.0194348
0.0194471
0.0194484
0.0194699
0.0194839
0.0195037
0.0195063
0.0194985
0.0195265
0.0195516
0.0195656
0.019576
0.0195809
0.0196074
0.0196283
0.0196416
0.0196609
0.0196728
0.0197091
0.0197236
0.0197309
0.0197671
0.0197827
0.0197884
0.019782
0.0198001
0.0198253
0.019826
0.0198405
0.0198471
0.0198693
0.0199023
0.0199055
0.0199046
0.0198958
0.0198955
0.0198901
0.0198905
0.0198741
0.0199007
0.0199111
0.0199235
0.0199292
0.0199501
0.0199313
0.0199332
0.0199267
0.0199559
0.0199792
0.0199716
0.0200031
0.0200145
0.0200598
0.0200711
0.0200769
0.020113
0.0201061
0.0201119
0.020126
0.020142
0.0201601
0.0201642
0.02019
0.0202041
0.0202195
0.0202437
0.0202485
0.0203019
0.0203147
0.0203253
0.0203513
0.0203827
0.0204208
0.0204572
0.0204832
0.0204948
0.0204866
0.0205103
0.0205231
0.0205235
0.020542
0.0205266
0.0205376
0.0205491
0.0205484
0.0205916
0.020585
0.0205763
0.020594
0.0205969
0.0206225
0.0206441
0.0206613
0.020671
0.0207267
0.0207331
0.0207551
0.0207585
0.0207694
0.0207727
0.0208031
0.0207959
0.0208366
0.0208556
0.020868
0.0208851
0.0208955
0.0209259
0.0209396
0.0209306
0.0209589
0.0209696
0.0209797
0.0209972
0.021009
0.0210315
0.0210443
0.0210473
0.0210698
0.0210881
0.0211172
0.0211375
0.0211792
0.0211898
0.0212078
0.0212197
0.0212042
0.0212235
0.0212201
0.0212191
0.0212614
0.021264
0.0212802
0.0212929
0.0212974
0.0213249
0.0213618
0.0213696
0.0213905
0.0213991
0.0214352
0.0214469
0.0214471
0.0215125
0.0215228
0.0215501
0.0215479
0.0215498
0.0215452
0.0215596
0.0215824
0.0215808
0.0215972
0.0216197
0.0216308
0.0216236
0.0216352
0.0216588
0.0216694
0.0216743
0.0216724
0.0216725
0.0216854
0.0217128
0.0217227
0.02173
0.0217527
0.0217561
0.0217533
0.0217648
0.0217892
0.0218155
0.0218367
0.0218837
0.0219332
0.0219327
0.0219613
0.0219855
0.0220049
0.0220034
0.0220306
0.0220268
0.0220212
0.0220441
0.0220624
0.0221023
0.0221162
0.0221317
0.022148
0.0221736
0.0222065
0.0222395
0.0222456
0.0222543
0.0222876
0.0222992
0.0223185
0.0223562
0.02239
0.0224003
0.0224264
0.0224225
0.0224256
0.0224422
0.0224512
0.0224596
0.0224508
0.0224602
0.0224757
0.0225093
0.0225391
0.0225586
0.0225505
0.0225651
0.0225727
0.0225854
0.0225835
0.0225746
0.0225833
0.022619
0.0226128
0.0226289
0.0226605
0.0226511
0.0226687
0.0226723
0.0226748
0.0226933
0.0227247
0.0227435
0.0227525
0.0227587
0.0227626
0.0227779
0.0227617
0.0227637
0.0227759
0.0227893
0.0227791
0.0228049
0.0228217
0.0228418
0.0228598
0.0228841
0.0229085
0.0229087
0.0229167
0.0229221
0.022923
0.0229357
0.0229562
0.0229912
0.0229899
0.0230016
0.0230162
0.0230394
0.0230472
0.0230622
0.0230595
0.0230723
0.0230747
0.02307
0.0230934
0.0230984
0.0230958
0.0231138
0.0231261
0.0231237
0.0231439
0.0231337
0.0231653
0.0231824
0.0231986
0.0232146
0.0232327
0.0232503
0.023305
0.0233329
0.0233449
0.0233696
0.0233921
0.0234114
0.0234117
0.0234363
0.0234651
0.0234805
0.0234864
0.0234985
0.0235054
0.0235063
0.0235079
0.0235371
0.0235499
0.0235706
0.0235784
0.0235711
0.0235791
0.0236166
0.0236398
0.0236745
0.0236966
0.0236985
0.0237158
0.0237287
0.0237512
0.0237769
0.0237826
0.0238126
0.0238441
0.0238757
0.023879
0.0238817
0.0238866
0.0238934
0.0239172
0.0239332
0.0239499
0.0239734
0.023984
0.0240241
0.0240204
0.0240357
0.024049
0.0240583
0.024075
0.0240604
0.0240859
0.0240967
0.0241362
0.024178
0.0241904
0.0242074
0.0242399
0.0242673
0.0242939
0.0242896
0.0242863
0.0243271
0.0243287
0.0243256
0.0243349
0.0243418
0.0243618
0.0243683
0.0243717
0.0243745
0.024373
0.0243929
0.0243946
0.0244094
0.0244179
0.0244549
0.0244719
0.0244944
0.0245033
0.0245204
0.0245282
0.0245699
0.0245707
0.0245524
0.0245693
0.0246051
0.0245946
0.0246158
0.0246073
0.0246222
0.0246431
0.0246548
0.0246555
0.0246684
0.0246932
0.0246885
0.0247157
0.0247203
0.0247403
0.0247369
0.0247625
0.024805
0.0248339
0.0248452
0.0248609
0.0248902
0.0248921
0.024912
0.0249244
0.0249298
0.0249608
0.0249893
0.0249953
0.0250318
0.0250353
0.0250537
0.0250595
0.0250712
0.0250967
0.0251039
0.0251249
0.0251454
0.0251492
0.0251782
0.0251929
0.02523
0.0252635
0.0252798
0.0252735
0.0252741
0.0252859
0.0252956
0.025307
0.0253146
0.0253244
0.0253207
0.0253035
0.025321
0.0253454
0.0253742
0.0253741
0.0253714
0.0253732
0.0254031
0.0254032
0.0254172
0.0254285
0.025453
0.0254629
0.02549
0.0255089
0.0255191
0.0255224
0.0255514
0.0255762
0.0255994
0.0256144
0.0256246
0.0256177
0.0256371
0.0256873
0.0256878
0.025693
0.0257207
0.0257173
0.0257444
0.0257537
0.0257523
0.0257748
0.0257938
0.0258047
0.0258214
0.0258267
0.0258363
0.0258415
0.0258486
0.0258424
0.0258548
0.0258683
0.0258811
0.0259033
0.0259371
0.0259322
0.0259514
0.0259697
0.0260069
0.0259987
0.0259889
0.0260038
0.0260216
0.0260158
0.0260245
0.0260262
0.0260312
0.0260601
0.0260739
0.0260726
0.0260833
0.0260872
0.0261016
0.0261206
0.0261451
0.0261687
0.0261723
0.0261772
0.0261864
0.0262177
0.0262137
0.0262236
0.0262426
0.0262588
0.0262724
0.0262753
0.026298
0.0262995
0.0263091
0.0263007
0.0262989
0.026295
0.0263299
0.0263337
0.026341
0.02634
0.0263535
0.0263762
0.0263992
0.026407
0.0264064
0.0264244
0.0264368
0.0264393
0.026435
0.026436
0.0264664
0.0264776
0.0264984
0.0265288
0.0265515
0.0265672
0.0265782
0.0265712
0.0265845
0.0266097
0.026626
0.0266379
0.0266509
0.0266518
0.0266709
0.026688
0.0266956
0.0267067
0.0267247
0.02675
0.0267531
0.0267716
0.0267795
0.0267922
0.0267848
0.026815
0.0268265
0.0268472
0.0268589
0.0268949
0.0268997
0.0269135
0.0269394
0.0269357
0.0269409
0.026942
0.0269416
0.0269347
0.0269513
0.0269579
0.0269799
0.0269712
0.0269707
0.0269865
0.0270101
0.0270348
0.0270359
0.0270512
0.0270581
0.0270633
0.0270673
0.0270782
0.0270888
0.0270868
0.0271116
0.0271119
0.0271238
0.0271406
0.0272008
0.0272131
0.0272109
0.0272109
0.0272055
0.0272115
0.0272234
0.0272335
0.0272692
0.0272774
0.0272883
0.0272955
0.0273342
0.0273592
0.0273929
0.0273989
0.0274184
0.0274157
0.0274274
0.0274244
0.0274303
0.0274391
0.0274455
0.0274602
0.0274586
0.0274752
0.0274885
0.0275024
0.0275085
0.0275308
0.0275648
0.0275632
0.0275942
0.0275968
0.0276026
0.0275976
0.027588
0.0276217
0.0276169
0.0276461
0.0276463
0.027649
0.0276488
0.0276681
0.0276845
0.0276976
0.0276993
0.0277
0.0277285
0.0277418
0.0277355
0.0277438
0.0277477
0.0277623
0.0277867
0.0278087
0.0278242
0.0278233
0.0278345
0.0278362
0.0278544
0.027872
0.027886
0.0278964
0.027899
0.0279022
0.0279142
0.0279108
0.0279064
0.0279004
0.0279076
0.0279106
0.0279182
0.0279468
0.0279635
0.0279691
0.0279586
0.0279605
0.0280004
0.0280115
0.0280351
0.0280372
0.0280422
0.0280696
0.0280727
0.0281016
0.0281297
0.0281478
0.0281464
0.0281569
0.0281626
0.0281778
0.0281804
0.0282023
0.0282061
0.0282087
0.0282146
0.0282217
0.0282416
0.0282359
0.0282347
0.028254
0.028263
0.0282647
0.0282797
0.0282863
0.0282921
0.028294
0.0283031
0.0283108
0.0283064
0.0283076
0.0283209
0.0283391
0.0283455
0.0283681
0.0283833
0.0283818
0.0284033
0.0284105
0.0284353
0.0284379
0.0284698
0.0284995
0.0284932
0.0285016
0.0285058
0.028508
0.028512
0.0285127
0.0285308
0.0285515
0.0285556
0.0285641
0.0285688
0.0285958
0.0286231
0.0286314
0.0286436
0.0286666
0.0286678
0.0286699
0.0286615
0.0286624
0.0286543
0.0286592
0.028683
0.028697
0.0286932
0.0287185
0.0287183
0.0287325
0.0287435
0.028755
0.0287785
0.0287826
0.0287804
0.0287955
0.0288061
0.0288112
0.0288258
0.0288286
0.0288366
0.0288749
0.0288952
0.028921
0.0289184
0.0289323
0.0289429
0.0289472
0.0289489
0.0289686
0.028982
0.0289924
0.0290123
0.029034
0.0290319
0.0290539
0.0290614
0.0290708
0.0290678
0.0290758
0.0290729
0.0290875
0.0291218
0.0291264
0.0291364
0.0291596
0.0291576
0.0291777
0.0291801
0.0291834
0.0292109
0.0292125
0.0292269
0.0292301
0.029236
0.029256
0.0292702
0.0292819
0.0292961
0.0292973
0.0293
0.029308
0.0293121
0.0293535
0.0293505
0.0293731
0.0293666
0.0293679
0.0293695
0.0293934
0.0293923
0.0293957
0.0294011
0.0294134
0.0294294
0.029454
0.0294766
0.0294732
0.0294811
0.0294725
0.0294811
0.0294907
0.0295103
0.0295189
0.0295274
0.0295357
0.0295552
0.0295632
0.0295774
0.0295861
0.0295998
0.029598
0.0296196
0.0296137
0.0296215
0.0296434
0.0296533
0.0296631
0.0296769
0.0297083
0.0297386
0.0297401
0.02974
0.0297565
0.0297837
0.0298004
0.0298232
0.029838
0.0298539
0.0298575
0.0298809
0.0298879
0.0299021
0.0299298
0.0299483
0.0299587
0.0299488
0.0299577
0.0299593
0.0299797
0.0299805
0.0299939
0.029999
0.0300273
0.0300423
0.0300496
0.0300607
0.0300824
0.0300921
0.0301021
0.0301132
0.0301252
0.0301292
0.0301539
0.0301473
0.0301413
0.0301543
0.0301627
0.03016
0.0301981
0.0302345
0.0302595
0.0302655
0.0302878
0.030311
0.0303174
0.0303136
0.0303194
0.0303289
0.0303495
0.0303499
0.0303508
0.0303797
0.0304023
0.0304149
0.0304418
0.0304571
0.0304821
0.0304791
0.0304952
0.0305001
0.0305079
0.030518
0.0305254
0.0305518
0.0305678
0.0305634
0.0305631
0.0305763
0.0305834
0.0305912
0.0306214
0.0306243
0.0306359
0.0306397
0.0306469
0.0306471
0.0306732
0.0306856
0.0306876
0.0307042
0.0307282
0.0307321
0.0307633
0.030775
0.0307906
0.0308131
0.0308602
0.030875
0.0308947
0.0309029
0.030911
0.0309259
0.0309456
0.0309611
0.0309676
0.0309822
0.0309981
0.0310126
0.031024
0.0310581
0.0310678
0.0310752
0.0310878
0.0310919
0.0311039
0.0311042
0.0311056
0.0310992
0.0311167
0.0311298
0.0311339
0.0311452
0.031145
0.0311569
0.0311564
0.0311733
0.0311732
0.0311857
0.0312019
0.0312075
0.0312404
0.031243
0.0312498
0.0312588
0.0312768
0.0313019
0.0313097
0.0313262
0.0313356
0.031345
0.031341
0.031349
0.0313667
0.031363
0.0313545
0.0313662
0.0313663
0.0313803
0.0314036
0.0314261
0.0314203
0.0314296
0.0314511
0.0314619
0.0314623
0.031468
0.0314898
0.0315039
0.0315225
0.0315379
0.0315452
0.0315492
0.0315408
0.0315647
0.0315856
0.0316087
0.0316164
0.0316226
0.031637
0.0316448
0.0316785
0.0316956
0.0317116
0.0317178
0.0317259
0.0317371
0.0317319
0.031753
0.0317754
0.0317813
0.031792
0.0318096
0.031819
0.031827
0.0318391
0.0318521
0.0318571
0.0318771
0.0318793
0.0318855
0.0318857
0.0318984
0.0318976
0.0319144
0.0319358
0.0319667
0.031979
0.0320078
0.0320303
0.032048
0.032062
0.0320726
0.0320882
0.0321151
0.0321285
0.0321291
0.0321268
0.0321317
0.0321512
0.0321577
0.0321572
0.0321753
0.0321932
0.0322096
0.0322277
0.0322291
0.0322474
0.0322548
0.0322546
0.0322617
0.032276
0.0323038
0.0323177
0.0323318
0.0323549
0.0323678
0.0323692
0.0323686
0.0323689
0.0323816
0.0324038
0.0324202
0.0324153
0.0324296
0.0324374
0.0324474
0.0324755
0.032489
0.0325002
0.0325165
0.0325191
0.0325256
0.0325399
0.0325454
0.0325615
0.0325835
0.0325952
0.0326027
0.0326119
0.0326374
0.0326414
0.0326558
0.0326613
0.0326619
0.0326789
0.0327036
0.0327112
0.0327286
0.0327406
0.0327497
0.0327607
0.0327799
0.0327747
0.0327746
0.0327681
0.0327777
0.0327906
0.0328053
0.0328001
0.0328118
0.032813
0.0328331
0.0328423
0.0328443
0.0328426
0.0328685
0.0328766
0.0328927
0.0329022
0.0329103
0.0329288
0.0329387
0.0329476
0.0329814
0.0329941
0.0330065
0.0330036
0.0330005
0.0330086
0.0330194
0.0330434
0.0330489
0.0330555
0.0330688
0.0330679
0.0330909
0.0330849
0.033102
0.0331133
0.0331277
0.0331275
0.0331428
0.0331608
0.0331591
0.0331691
0.0331832
0.0331973
0.0332108
0.0332282
0.0332362
0.0332554
0.0332682
0.0332796
0.0332742
0.0332739
0.033274
0.0332815
0.0332848
0.0333018
0.0333252
0.03333
0.0333441
0.0333382
0.0333595
0.0333595
0.0333751
0.0333856
0.0334037
0.0334125
0.0334185
0.033421
0.0334347
0.0334649
0.0334782
0.0334887
0.033495
0.0335219
0.0335353
0.0335467
0.0335487
0.0335711
0.033589
0.0336061
0.0336097
0.0336146
0.0336239
0.0336433
0.0336594
0.0336717
0.0336805
0.033691
0.0336993
0.0337153
0.033733
0.0337442
0.0337571
0.0337756
0.0337834
0.033792
0.0338214
0.0338392
0.0338427
0.0338434
0.0338563
0.0338648
0.0338641
0.0338842
0.033903
0.0339147
0.0339314
0.0339492
0.0339639
0.0339768
0.0339953
0.0340066
0.0340174
0.0340315
0.0340445
0.034043
0.0340655
0.0340833
0.0340845
0.0340868
0.0341038
0.034109
0.0341237
0.0341277
0.0341459
0.034156
0.0341633
0.0341768
0.0341935
0.0341787
0.0341752
0.0341801
0.0341884
0.0341968
0.0342076
0.0342222
0.0342433
0.0342521
0.0342704
0.03427
0.034283
0.0342944
0.0343068
0.0343194
0.034333
0.0343302
0.0343463
0.0343635
0.0343738
0.0343803
0.0343759
0.034388
0.0344073
0.0344504
0.034454
0.0344741
0.0344841
0.0344775
0.0344866
0.0345143
0.0345214
0.034543
0.0345571
0.0345749
0.0345812
0.0345862
0.0345813
0.0345814
0.0345857
0.0345977
0.0345974
0.0346051
0.0346069
0.0346218
0.034626
0.0346427
0.0346517
0.0346617
0.0346597
0.0346633
0.0346716
0.0346825
0.034694
0.0346972
0.0347051
0.0347253
0.0347494
0.0347794
0.0347918
0.0348001
0.0348204
0.034843
0.0348475
0.0348583
0.0348605
0.0348558
0.0348719
0.0348872
0.0348977
0.0349112
0.0349139
0.0349316
0.0349379
0.0349434
0.034943
0.0349533
0.0349775
0.0349772
0.0349876
0.0349898
0.034994
0.0350043
0.0350188
0.0350262
0.0350361
0.0350455
0.0350624
0.0350703
0.0350816
0.0350933
0.0350952
0.0350978
0.0350991
0.0351101
0.0351301
0.0351419
0.0351592
0.0351619
0.035188
0.0351962
0.035192
0.0352001
0.0351984
0.0352175
0.0352243
0.0352438
0.0352371
0.0352496
0.0352719
0.0352882
0.0353231
0.035337
0.0353427
0.0353485
0.0353566
0.0353819
0.0353922
0.0354106
0.0354215
0.0354337
0.035441
0.0354446
0.035453
0.0354639
0.0354898
0.0354999
0.0355155
0.0355266
0.035526
0.0355478
0.0355575
0.0355758
0.0355804
0.0355928
0.0356128
0.0356144
0.0356204
0.0356182
0.0356185
0.0356206
0.0356373
0.0356406
0.0356536
0.0356588
0.0356614
0.0356764
0.0357016
0.0357143
0.0357353
0.0357561
0.0357531
0.0357646
0.0357652
0.0357707
0.0357762
0.0357941
0.0358084
0.0358208
0.0358247
0.0358378
0.0358564
0.035871
0.035878
0.03589
0.035903
0.0359176
0.0359217
0.035932
0.0359489
0.0359606
0.0359779
0.03599
0.0359959
0.0360007
0.0360227
0.0360298
0.0360278
0.0360391
0.0360644
0.0360812
0.0360902
0.0361007
0.0361056
0.0361004
0.0361079
0.0361264
0.0361392
0.0361582
0.0361737
0.0361738
0.0361879
0.0361975
0.0362098
0.0362091
0.0362277
0.0362379
0.0362427
0.0362486
0.0362625
0.036275
0.0362771
0.0362868
0.0362928
0.036301
0.036312
0.0363343
0.0363438
0.0363642
0.0363746
0.0363692
0.0363923
0.0363953
0.0364032
0.0364081
0.036417
0.0364224
0.0364397
0.0364462
0.0364499
0.0364525
0.0364714
0.0364972
0.0365162
0.0365167
0.0365352
0.036542
0.0365694
0.036577
0.0365807
0.036592
0.036598
0.0366076
0.0366235
0.0366305
0.0366513
0.0366579
0.0366745
0.0366832
0.0366953
0.0367026
0.0367052
0.0367242
0.0367472
0.0367586
0.0367689
0.0367689
0.0367691
0.0367907
0.0367849
0.0368018
0.036811
0.036815
0.0368157
0.036824
0.0368342
0.0368558
0.036856
0.0368649
0.0368755
0.0368904
0.0368852
0.0368993
0.0369137
0.0369158
0.0369177
0.0369455
0.0369538
0.036959
0.0369596
0.0369585
0.0369781
0.0369916
0.0370068
0.0370115
0.03702
0.0370299
0.0370316
0.0370551
0.0370574
0.0370716
0.0370778
0.0370949
0.0370994
0.0371094
0.0371024
0.0371061
0.0371109
0.0371295
0.0371347
0.0371269
0.0371379
0.0371401
0.0371484
0.0371451
0.0371507
0.0371647
0.0371752
0.037177
0.0371837
0.0371985
0.0372093
0.0372255
0.0372286
0.0372498
0.0372528
0.0372801
0.0373087
0.0373154
0.0373188
0.0373282
0.0373509
0.0373573
0.0373623
0.0373699
0.0373859
0.0374036
0.0374128
0.0374266
0.0374325
0.0374401
0.0374461
0.0374556
0.037461
0.0374742
0.0374855
0.0374858
0.0374892
0.0375091
0.0375209
0.0375411
0.0375389
0.0375484
0.0375555
0.0375589
0.0375928
0.0375971
0.037609
0.0376219
0.037638
0.0376567
0.0376693
0.037698
0.0377015
0.0377191
0.0377234
0.0377247
0.037748
0.0377754
0.0377778
0.0377891
0.0378033
0.0378168
0.0378267
0.0378167
0.0378179
0.0378261
0.0378393
0.0378598
0.0378594
0.0378735
0.0378789
0.0379004
0.0379347
0.0379378
0.0379428
0.037961
0.0379838
0.0379944
0.0380017
0.0380179
0.0380316
0.0380475
0.038071
0.0380837
0.0380849
0.0381037
0.0381077
0.0381264
0.038124
0.0381413
0.0381394
0.0381501
0.0381583
0.0381629
0.0381852
0.0381897
0.0381972
0.0382022
0.0382146
0.038247
0.038254
0.0382554
0.0382468
0.0382603
0.0382822
0.038293
0.0383083
0.038323
0.0383392
0.0383484
0.038363
0.0383817
0.0383846
0.0383963
0.0384039
0.0384202
0.0384173
0.0384344
0.0384482
0.0384724
0.0384972
0.0385251
0.0385279
0.0385499
0.0385566
0.038559
0.0385701
0.0385689
0.038574
0.0385833
0.0385788
0.0385932
0.0386018
0.0386167
0.0386181
0.038624
0.0386442
0.0386466
0.0386497
0.0386617
0.0386702
0.0386903
0.0387149
0.0387276
0.0387224
0.0387282
0.038721
0.0387252
0.0387304
0.0387473
0.0387466
0.0387499
0.0387532
0.0387679
0.0387816
0.0387889
0.0387982
0.0388126
0.0388242
0.0388438
0.038859
0.0388657
0.0388728
0.0388753
0.0388873
0.0388874
0.0389041
0.0389182
0.0389327
0.0389451
0.0389576
0.0389673
0.0389717
0.0389848
0.0389786
0.0389887
0.0389926
0.0390009
0.0390016
0.0390131
0.039013
0.0390258
0.0390304
0.0390359
0.0390642
0.0390635
0.0390786
0.0390913
0.0390965
0.0391153
0.0391175
0.0391143
0.0391278
0.0391294
0.0391251
0.0391265
0.0391324
0.0391388
0.0391487
0.0391747
0.0391893
0.0391885
0.039214
0.039218
0.0392138
0.0392162
0.0392313
0.0392402
0.0392523
0.0392775
0.0392753
0.039301
0.0392997
0.039317
0.0393328
0.0393317
0.039342
0.0393464
0.0393504
0.0393599
0.0393677
0.0393785
0.0393909
0.0393986
0.0393964
0.0394069
0.039421
0.0394321
0.0394545
0.0394487
0.0394562
0.0394678
0.0394803
0.0394776
0.0394766
0.0394924
0.039493
0.0395025
0.0395144
0.0395241
0.0395487
0.0395601
0.0395831
0.0395851
0.0396032
0.0396187
0.0396271
0.0396355
0.0396394
0.0396517
0.0396591
0.0396774
0.0396938
0.0397038
0.0397082
0.0397125
0.0397339
0.0397413
0.0397383
0.0397477
0.0397561
0.0397814
0.0397754
0.0397818
0.0397801
0.0397896
0.0397972
0.039807
0.0398143
0.0398181
0.0398275
0.0398364
0.0398481
0.0398598
0.0398687
0.0398651
0.0398894
0.0398981
0.039893
0.0398952
0.0399071
0.0399191
0.039921
0.0399285
0.039933
0.0399416
0.0399501
0.0399587
0.0399617
0.0399817
0.0399816
0.0399876
0.039984
0.0399946
0.0400131
0.0400338
0.0400406
0.0400534
0.0400583
0.0400716
0.0400744
0.0400824
0.0400946
0.0400824
0.0400932
0.0400877
0.040096
0.0400981
0.0401036
0.0400983
0.0401182
0.0401183
0.0401246
0.0401329
0.0401309
0.0401364
0.0401409
0.0401502
0.0401584
0.0401519
0.0401639
0.0401653
0.040188
0.0401885
0.0401985
0.0402012
0.0402135
0.0402105
0.0402089
0.0402122
0.0402389
0.0402534
0.0402594
0.0402617
0.0402664
0.0402704
0.040273
0.0402834
0.0402898
0.0402859
0.0402994
0.0403082
0.0403054
0.0403115
0.0403202
0.0403301
0.0403387
0.0403522
0.040364
0.0403644
0.0403873
0.040384
0.0403882
0.0403961
0.0403958
0.040419
0.0404364
0.0404419
0.0404539
0.0404666
0.0404724
0.0404932
0.0404942
0.0405028
0.04051
0.0405167
0.0405326
0.0405465
0.040553
0.0405625
0.0405652
0.040572
0.0405866
0.0405862
0.0405951
0.0405976
0.0405973
0.0406079
0.0406134
0.0406144
0.0406214
0.0406292
0.0406342
0.0406389
0.0406447
0.0406477
0.040647
0.040663
0.0406775
0.040684
0.0406887
0.0406881
0.0406936
0.0407066
0.0407088
0.0407255
0.0407326
0.0407445
0.040752
0.0407731
0.0407778
0.0407847
0.0407858
0.0407907
0.0407963
0.0408132
0.0408188
0.0408224
0.0408327
0.0408539
0.0408603
0.0408675
0.0408716
0.04089
0.0408923
0.0409
0.0409204
0.0409162
0.0409248
0.0409358
0.0409368
0.0409319
0.0409306
0.0409393
0.0409385
0.0409447
0.0409503
0.0409651
0.0409717
0.0409795
0.040988
0.0409942
0.0410065
0.041014
0.0410279
0.0410304
0.0410355
0.0410596
0.0410672
0.0410812
0.0410851
0.041086
0.041081
0.0410913
0.041097
0.0411089
0.041128
0.0411301
0.0411369
0.0411566
0.041158
0.0411695
0.0411831
0.0411904
0.0412079
0.0412034
0.0412156
0.0412149
0.0412158
0.0412195
0.0412219
0.0412287
0.0412341
0.0412331
0.0412373
0.0412387
0.0412528
0.0412607
0.0412712
0.041284
0.0412796
0.0412861
0.0412995
0.0412956
0.0412986
0.0413029
0.0413152
0.0413278
0.0413247
0.0413294
0.041333
0.0413408
0.0413433
0.0413579
0.0413723
0.041385
0.0413973
0.041403
0.0413931
0.0413991
0.0413988
0.0414043
0.041405
0.0414111
0.0414212
0.0414234
0.0414329
0.0414423
0.0414476
0.0414602
0.041459
0.0414677
0.0414798
0.0414876
0.0414864
0.0414918
0.0415014
0.0415056
0.0415179
0.0415373
0.041544
0.0415449
0.041555
0.0415572
0.0415614
0.0415809
0.0415844
0.0415826
0.0415962
0.0416143
0.0416196
0.0416258
0.0416362
0.0416365
0.0416468
0.0416546
0.0416619
0.0416654
0.0416625
0.0416699
0.0416783
0.0416875
0.041693
0.0416927
0.0417135
0.0417266
0.0417378
0.0417435
0.0417508
0.0417581
0.0417504
0.0417543
0.0417565
0.0417632
0.0417829
0.0417919
0.0417922
0.0417966
0.0417925
0.041798
0.0418016
0.0418176
0.0418149
0.0418223
0.0418282
0.0418315
0.0418358
0.0418497
0.0418482
0.0418613
0.0418672
0.0418834
0.041904
0.0419186
0.0419221
0.041926
0.041929
0.0419402
0.041951
0.0419585
0.0419798
0.0419879
0.0420119
0.04201
0.0420151
0.0420194
0.0420228
0.0420284
0.0420358
0.0420469
0.042051
0.0420586
0.0420689
0.0420898
0.0420969
0.0421061
0.0421088
0.042128
0.042133
0.0421536
0.0421673
0.0421732
0.0421722
0.0421946
0.0422021
0.0421959
0.0422091
0.042216
0.0422335
0.04225
0.0422505
0.0422488
0.0422636
0.0422815
0.0422864
0.0422851
0.0422983
0.0423089
0.0423163
0.0423358
0.0423569
0.0423528
0.0423572
0.0423742
0.0423886
0.0424
0.0424181
0.0424237
0.0424323
0.0424342
0.0424314
0.0424505
0.0424642
0.0424652
0.0424708
0.0424818
0.0424909
0.0424905
0.0425054
0.0425165
0.0425391
0.0425551
0.0425754
0.0425867
0.0425943
0.0426017
0.0426042
0.0426009
0.0426087
0.0426209
0.0426224
0.0426432
0.0426719
0.0426772
0.0426794
0.042686
0.0426963
0.0427027
0.0427115
0.0427109
0.0427166
0.0427309
0.0427389
0.0427481
0.0427529
0.0427579
0.0427675
0.0427659
0.0427739
0.0427776
0.0427839
0.04281
0.0428284
0.0428326
0.0428363
0.0428568
0.042855
0.0428615
0.0428671
0.0428788
0.04289
0.0428969
0.0429039
0.0429125
0.0429154
0.0429182
0.0429241
0.0429418
0.0429392
0.0429388
0.0429393
0.0429424
0.0429644
0.0429654
0.0429784
0.0429806
0.0429892
0.0429867
0.0429936
0.0429953
0.0430047
0.0430168
0.0430283
0.0430292
0.0430457
0.0430418
0.0430522
0.0430504
0.0430549
0.0430562
0.0430634
0.043058
0.0430759
0.0430926
0.0431207
0.0431422
0.0431625
0.0431765
0.0431775
0.0431821
0.0431917
0.0431921
0.0431956
0.0432077
0.0432229
0.0432283
0.0432324
0.0432422
0.0432507
0.0432613
0.0432635
0.0432698
0.0432793
0.0432819
0.0432915
0.0433051
0.0433268
0.043341
0.043351
0.0433506
0.0433685
0.0433789
0.0433784
0.043391
0.0434134
0.0434132
0.0434267
0.0434267
0.0434352
0.0434488
0.0434534
0.0434635
0.0434781
0.0434867
0.0434933
0.0434889
0.0434972
0.0435121
0.0435182
0.0435231
0.0435301
0.0435351
0.0435381
0.0435439
0.0435409
0.0435537
0.0435594
0.0435674
0.0435847
0.0436079
0.0436092
0.0436078
0.0436166
0.0436363
0.0436438
0.0436496
0.0436563
0.0436605
0.0436706
0.0436669
0.0436686
0.0436753
0.0436815
0.0437054
0.0437099
0.043724
0.0437336
0.0437341
0.0437324
0.0437449
0.043749
0.0437517
0.0437606
0.0437619
0.0437726
0.0437868
0.0437916
0.0437964
0.0437992
0.0438072
0.0438264
0.0438294
0.0438308
0.0438449
0.0438431
0.0438487
0.0438588
0.0438651
0.0438772
0.0438959
0.0439031
0.043918
0.043919
0.0439262
0.043932
0.0439413
0.0439468
0.043943
0.0439396
0.0439355
0.0439481
0.0439487
0.0439517
0.0439562
0.0439706
0.0439922
0.0439913
0.0439974
0.0440038
0.0440215
0.0440366
0.0440465
0.0440496
0.0440695
0.044072
0.0440763
0.0440884
0.0440912
0.0441107
0.0441169
0.044128
0.0441395
0.0441373
0.0441467
0.0441678
0.0441715
0.0441753
0.0441828
0.044192
0.0442068
0.0442112
0.0442241
0.0442378
0.0442383
0.0442361
0.0442369
0.0442438
0.0442489
0.0442612
0.0442717
0.0442711
0.0442764
0.0442846
0.0442941
0.0443012
0.0443067
0.0443215
0.0443346
0.0443424
0.0443461
0.0443485
0.0443573
0.0443554
0.0443617
0.0443738
0.0443875
0.0444022
0.0444116
0.0444243
0.0444309
0.0444377
0.0444421
0.0444427
0.0444616
0.0444684
0.0444736
0.044495
0.0445047
0.0445148
0.0445239
0.044532
0.0445462
0.0445544
0.044559
0.0445735
0.0445795
0.0445886
0.0445942
0.0446051
0.0446141
0.0446237
0.0446281
0.0446381
0.0446491
0.0446638
0.0446816
0.0446912
0.044696
0.0446978
0.0446966
0.0447016
0.0447018
0.0447079
0.0447119
0.0447264
0.0447339
0.0447412
0.044757
0.0447657
0.0447826
0.0447887
0.0447978
0.0448002
0.044798
0.0448055
0.0448166
0.0448305
0.0448533
0.044869
0.0448808
0.0448809
0.044885
0.044893
0.0449056
0.0449104
0.044926
0.0449301
0.0449346
0.0449457
0.0449575
0.0449691
0.0449771
0.0449845
0.0449947
0.0450137
0.0450181
0.0450426
0.0450541
0.0450533
0.0450611
0.04507
0.0450679
0.0450725
0.0450919
0.0450937
0.0451084
0.0451147
0.0451261
0.0451416
0.0451403
0.0451598
0.0451811
0.045188
0.0452051
0.0452083
0.0452082
0.045227
0.0452305
0.0452442
0.0452544
0.0452564
0.0452659
0.0452712
0.0452751
0.0452866
0.045298
0.0453068
0.0453137
0.0453176
0.0453269
0.0453375
0.0453432
0.0453507
0.0453544
0.0453781
0.0453735
0.0453769
0.0453745
0.0453797
0.0453882
0.0453837
0.0453845
0.0453943
0.0454003
0.045401
0.0453965
0.0454027
0.0454054
0.0454241
0.045436
0.0454408
0.04545
0.04546
0.0454605
0.045469
0.0454853
0.0454934
0.0454907
0.0454957
0.0455026
0.0455106
0.0455092
0.0455112
0.0455195
0.0455271
0.0455428
0.045546
0.0455489
0.045564
0.0455706
0.0455811
0.0455888
0.0455971
0.0456098
0.0456152
0.0456277
0.0456264
0.0456269
0.0456432
0.0456497
0.0456551
0.045657
0.0456708
0.0456724
0.0456831
0.0456989
0.0456993
0.04571
0.0457208
0.0457291
0.0457409
0.045746
0.045755
0.0457566
0.0457616
0.0457735
0.0457834
0.0457909
0.0457986
0.0458131
0.0458173
0.0458288
0.0458402
0.0458531
0.0458638
0.0458702
0.0458766
0.045884
0.0458918
0.0459016
0.0459126
0.0459099
0.0459134
0.0459211
0.0459342
0.045939
0.0459547
0.0459617
0.0459815
0.0459895
0.0460007
0.046004
0.0460084
0.0460188
0.0460237
0.0460414
0.0460465
0.0460586
0.0460534
0.0460546
0.0460589
0.046063
0.0460725
0.0460931
0.0460996
0.0460982
0.0461028
0.04612
0.0461256
0.0461304
0.0461364
0.0461384
0.04615
0.0461594
0.0461652
0.0461775
0.0461851
0.0462016
0.0461974
0.0462115
0.0462249
0.0462287
0.0462345
0.046249
0.0462527
0.0462588
0.0462651
0.0462739
0.0462811
0.0462817
0.0462947
0.0463024
0.0463125
0.0463245
0.0463392
0.0463414
0.0463407
0.0463439
0.0463475
0.0463488
0.046346
0.0463569
0.046362
0.0463763
0.0463985
0.0464187
0.0464188
0.0464246
0.0464326
0.0464413
0.0464571
0.0464595
0.0464687
0.0464758
0.0464783
0.0464734
0.046486
0.0464898
0.0465011
0.0465075
0.0465225
0.0465376
0.0465425
0.0465406
0.0465418
0.0465478
0.0465549
0.0465556
0.0465661
0.0465618
0.046572
0.0465703
0.0465895
0.0465992
0.0466046
0.046608
0.0466197
0.0466263
0.0466325
0.0466396
0.0466446
0.0466552
0.0466556
0.0466535
0.0466591
0.0466574
0.0466677
0.0466804
0.0466775
0.0466814
0.0466871
0.046693
0.0467066
0.0467154
0.0467225
0.0467308
0.046735
0.0467388
0.0467582
0.0467622
0.0467657
0.046789
0.0467925
0.0468116
0.0468241
0.0468308
0.0468342
0.0468347
0.0468491
0.0468523
0.0468628
0.046864
0.0468736
0.0468888
0.0468998
0.0469099
0.0469148
0.0469177
0.0469392
0.0469517
0.046969
0.0469668
0.0469786
0.0469833
0.0469897
0.0469923
0.0469963
0.0470024
0.0470175
0.0470159
0.0470245
0.0470411
0.0470452
0.0470462
0.0470408
0.0470519
0.0470568
0.0470583
0.0470649
0.0470786
0.0470823
0.0470917
0.0470969
0.0471039
0.0471093
0.0471165
0.0471106
0.0471114
0.047118
0.0471222
0.0471284
0.0471372
0.0471403
0.0471509
0.0471605
0.0471587
0.0471617
0.0471556
0.0471668
0.0471857
0.0472029
0.0472055
0.0472073
0.04722
0.0472282
0.0472376
0.0472542
0.0472495
0.0472535
0.0472709
0.0472664
0.0472735
0.0472857
0.0472928
0.0472933
0.0472931
0.0473103
0.047326
0.047326
0.0473362
0.0473395
0.0473576
0.0473769
0.0473864
0.0474047
0.0474135
0.0474256
0.0474374
0.0474447
0.0474569
0.0474585
0.0474669
0.0474889
0.0475046
0.0475102
0.0475237
0.0475277
0.0475353
0.0475397
0.047548
0.0475504
0.0475562
0.0475496
0.0475587
0.0475621
0.0475721
0.0475816
0.0475892
0.0475934
0.0476048
0.0476094
0.0476153
0.0476214
0.0476264
0.0476313
0.0476417
0.0476392
0.0476489
0.047652
0.0476528
0.047652
0.0476596
0.0476588
0.0476559
0.0476636
0.0476672
0.0476734
0.0476812
0.047691
0.0476995
0.047704
0.0477183
0.0477236
0.047728
0.0477344
0.0477425
0.0477509
0.0477587
0.0477729
0.047781
0.0477853
0.0477924
0.0478039
0.0478111
0.0478183
0.0478308
0.0478412
0.04785
0.0478627
0.0478656
0.0478801
0.0478807
0.0479003
0.0479108
0.047922
0.047931
0.0479361
0.0479537
0.0479649
0.0479629
0.0479765
0.0479755
0.0479833
0.0479842
0.0479889
0.047999
0.0480107
0.0480193
0.0480279
0.0480338
0.0480374
0.0480408
0.048049
0.0480558
0.0480588
0.0480695
0.0480748
0.0480838
0.0480973
0.0481141
0.0481194
0.0481229
0.0481342
0.048139
0.0481431
0.048153
0.0481648
0.0481705
0.0481857
0.0481852
0.0481906
0.0481997
0.048206
0.048221
0.0482262
0.0482326
0.0482378
0.0482417
0.0482445
0.0482527
0.0482586
0.0482635
0.0482726
0.0482709
0.0482727
0.0482786
0.0482791
0.0482817
0.048293
0.048294
0.0483045
0.0483075
0.0483139
0.0483243
0.0483329
0.0483422
0.0483482
0.0483476
0.0483446
0.048349
0.0483654
0.0483739
0.0483811
0.0483962
0.0483976
0.0484087
0.0484157
0.0484314
0.0484419
0.0484499
0.0484606
0.0484586
0.0484658
0.0484686
0.0484826
0.0484879
0.048505
0.0485123
0.0485153
0.0485294
0.0485397
0.0485425
0.0485546
0.048551
0.0485568
0.0485634
0.0485792
0.0485904
0.0486115
0.0486259
0.0486317
0.0486477
0.048656
0.0486586
0.0486649
0.0486751
0.0486787
0.0486921
0.0486895
0.0487037
0.0487077
0.0487146
0.0487293
0.0487424
0.0487513
0.0487503
0.0487581
0.0487698
0.0487754
0.0487844
0.0487828
0.0487933
0.0488004
0.0488198
0.0488247
0.0488258
0.0488276
0.048835
0.0488348
0.0488414
0.0488475
0.048862
0.0488686
0.0488776
0.0488844
0.0488993
0.0489055
0.0489094
0.0489246
0.0489267
0.0489365
0.0489375
0.0489407
0.0489502
0.0489545
0.0489751
0.0489796
0.0489936
0.0490065
0.0490261
0.0490314
0.0490461
0.0490546
0.0490679
0.0490738
0.0490917
0.0490946
0.0490995
0.0491103
0.0491219
0.0491246
0.0491337
0.0491548
0.0491523
0.0491601
0.0491637
0.0491775
0.0491872
0.0491844
0.0491869
0.0491882
0.0491904
0.0492065
0.0492129
0.0492194
0.0492299
0.0492352
0.0492369
0.0492512
0.0492617
0.0492692
0.049278
0.0492886
0.0492905
0.0493
0.0493028
0.049309
0.0493136
0.0493252
0.0493331
0.0493439
0.0493467
0.0493559
0.0493549
0.0493532
0.0493487
0.0493589
0.0493623
0.0493656
0.0493639
0.0493739
0.0493818
0.049386
0.049398
0.0493996
0.0493933
0.0494084
0.0494127
0.0494225
0.0494276
0.0494338
0.0494419
0.0494471
0.0494564
0.0494654
0.0494741
0.0494836
0.0494888
0.0495
0.0495046
0.0495076
0.0495118
0.0495165
0.0495192
0.0495223
0.0495328
0.0495402
0.0495456
0.0495473
0.0495471
0.0495538
0.0495609
0.0495681
0.0495738
0.049582
0.049582
0.0495819
0.0495862
0.0495885
0.0495911
0.0496078
0.0496233
0.0496269
0.0496282
0.0496267
0.0496364
0.0496565
0.0496593
0.0496675
0.0496721
0.0496788
0.0496842
0.0496943
0.0496988
0.049704
0.0497118
0.0497198
0.049725
0.0497284
0.0497492
0.0497501
0.0497598
0.0497606
0.0497694
0.0497719
0.0497778
0.0497856
0.0498054
0.049818
0.0498256
0.0498363
0.0498424
0.0498517
0.049857
0.0498602
0.0498691
0.049873
0.0498771
0.0498834
0.0498859
0.0498917
0.0498899
0.0499005
0.0499035
0.0499281
0.0499342
0.0499481
0.0499594
0.0499686
0.0499709
0.0499641
0.0499672
0.0499821
0.0499831
0.0499892
0.0499989
0.0500147
0.0500267
0.0500385
0.0500466
0.0500515
0.0500497
0.0500655
0.0500791
0.0500932
0.0500962
0.0501114
0.0501132
0.0501233
0.0501237
0.0501282
0.0501313
0.0501359
0.0501417
0.0501551
0.050158
0.0501703
0.050171
0.0501731
0.0501743
0.05018
0.0501901
0.0501994
0.0502121
0.0502148
0.0502217
0.0502322
0.0502336
0.0502364
0.0502384
0.0502473
0.0502585
0.0502663
0.0502762
0.0502785
0.0502805
0.0502886
0.0503066
0.0503133
0.0503251
0.0503309
0.0503311
0.0503491
0.0503576
0.0503701
0.0503723
0.0503726
0.0503765
0.0503792
0.0503886
0.0504022
0.0504062
0.0504137
0.0504187
0.0504305
0.0504294
0.0504364
0.0504406
0.0504474
0.0504662
0.0504697
0.0504848
0.0504896
0.050491
0.0504995
0.0505036
0.0505083
0.0505082
0.0505165
0.0505223
0.0505296
0.0505324
0.0505342
0.0505399
0.0505527
0.0505553
0.0505653
0.0505629
0.050569
0.0505764
0.0505802
0.0505836
0.0505904
0.0506046
0.0506141
0.0506264
0.050627
0.0506281
0.0506252
0.0506262
0.0506279
0.0506304
0.0506412
0.0506511
0.0506608
0.0506714
0.050681
0.0506836
0.0506955
0.0507053
0.0507157
0.0507161
0.0507328
0.0507505
0.0507556
0.0507605
0.0507629
0.0507824
0.050787
0.0507874
0.050794
0.0508011
0.0508205
0.0508257
0.0508311
0.0508318
0.0508469
0.0508497
0.050856
0.0508678
0.0508711
0.0508792
0.0508909
0.0508968
0.0509065
0.0509029
0.0509105
0.0509145
0.0509227
0.0509256
0.0509314
0.050936
0.0509398
0.0509512
0.0509609
0.0509668
0.0509666
0.0509786
0.050991
0.0510016
0.0510051
0.0510215
0.0510253
0.0510303
0.0510472
0.0510475
0.0510538
0.0510693
0.0510793
0.0510837
0.0510769
0.0510803
0.0510808
0.0510952
0.0511038
0.0511046
0.0511136
0.0511195
0.0511351
0.0511468
0.0511559
0.0511549
0.0511596
0.051164
0.0511755
0.0511927
0.0512073
0.0512069
0.0512163
0.0512146
0.0512218
0.0512271
0.0512283
0.0512379
0.0512565
0.0512692
0.0512749
0.0512948
0.0513011
0.0513047
0.0513182
0.0513354
0.0513423
0.0513547
0.0513718
0.0513819
0.0513869
0.0514002
0.0514038
0.0514102
0.0514106
0.0514206
0.051423
0.0514217
0.0514255
0.051428
0.0514338
0.0514322
0.0514391
0.0514427
0.0514448
0.0514498
0.0514518
0.0514562
0.0514643
0.051475
0.0514848
0.0514909
0.0515044
0.0515106
0.0515133
0.0515205
0.0515312
0.0515308
0.0515409
0.0515425
0.0515503
0.05155
0.0515501
0.0515529
0.0515613
0.0515673
0.0515667
0.0515743
0.0515832
0.051587
0.051609
0.0516212
0.0516268
0.0516387
0.0516408
0.0516511
0.0516548
0.0516589
0.0516679
0.0516654
0.0516653
0.0516671
0.051668
0.0516655
0.0516784
0.0516859
0.0517024
0.0517111
0.0517209
0.0517318
0.0517292
0.0517287
0.0517369
0.0517347
0.0517374
0.0517461
0.0517457
0.0517511
0.0517562
0.0517616
0.0517694
0.0517761
0.0517859
0.0517984
0.0518081
0.0518199
0.0518238
0.0518368
0.0518476
0.0518563
0.0518714
0.0518751
0.0518883
0.0518929
0.051896
0.0519043
0.0519128
0.0519281
0.0519301
0.051935
0.0519375
0.0519407
0.051949
0.0519489
0.0519606
0.0519688
0.0519781
0.0519923
0.0520009
0.0520102
0.0520117
0.0520201
0.052025
0.0520275
0.0520358
0.0520394
0.0520513
0.0520508
0.0520631
0.052068
0.0520758
0.0520842
0.0520918
0.0520924
0.0521051
0.0521081
0.0521168
0.0521114
0.0521162
0.0521222
0.0521259
0.0521323
0.0521465
0.0521581
0.0521648
0.0521697
0.0521762
0.0521815
0.0521908
0.0521952
0.0521927
0.0521986
0.0521946
0.0522074
0.0522142
0.0522223
0.0522304
0.0522386
0.0522503
0.052258
0.0522626
0.0522697
0.0522804
0.0522831
0.0522898
0.0522977
0.0522885
0.0522882
0.0522941
0.0522977
0.0523036
0.0523062
0.0523183
0.052318
0.0523279
0.0523413
0.0523483
0.0523568
0.0523594
0.0523694
0.0523698
0.0523729
0.0523748
0.0523793
0.0523922
0.0523974
0.0524042
0.0524055
0.0524109
0.0524208
0.0524248
0.0524293
0.0524471
0.0524553
0.0524607
0.0524824
0.0524896
0.0524958
0.0525006
0.0525058
0.0525029
0.0525073
0.0525167
0.0525249
0.0525277
0.0525343
0.0525397
0.0525536
0.0525672
0.0525731
0.0525786
0.052579
0.052579
0.052587
0.0525974
0.0525999
0.0526083
0.0526101
0.0526204
0.0526205
0.0526194
0.0526243
0.0526206
0.0526245
0.0526255
0.052632
0.0526482
0.0526612
0.0526669
0.0526777
0.052685
0.0526944
0.0526942
0.0527039
0.0527021
0.0527079
0.0527146
0.0527185
0.052724
0.0527314
0.052742
0.0527403
0.0527631
0.0527876
0.0527972
0.0528019
0.0528089
0.0528169
0.0528238
0.0528244
0.0528301
0.052842
0.052851
0.0528565
0.052869
0.0528823
0.0528917
0.0528935
0.052899
0.0529057
0.0529156
0.052917
0.0529225
0.0529221
0.052929
0.0529305
0.0529363
0.0529482
0.0529476
0.0529489
0.0529523
0.0529578
0.0529614
0.0529722
0.052978
0.052991
0.0529919
0.0529933
0.0530029
0.0530108
0.0530168
0.0530217
0.0530278
0.0530404
0.0530531
0.0530596
0.0530651
0.0530602
0.0530698
0.053071
0.0530778
0.0530885
0.0530942
0.053098
0.0530994
0.0531043
0.0531276
0.0531338
0.053147
0.0531485
0.053154
0.0531654
0.0531749
0.0531877
0.053192
0.053206
0.0532168
0.0532224
0.0532241
0.0532252
0.0532312
0.0532319
0.0532349
0.0532397
0.0532462
0.0532557
0.053266
0.053278
0.0532829
0.0532823
0.0532843
0.053289
0.0533037
0.0533046
0.0533092
0.0533188
0.053323
0.05333
0.0533382
0.0533386
0.053344
0.0533467
0.05335
0.0533557
0.0533574
0.0533726
0.0533828
0.0533876
0.0534063
0.0534146
0.0534193
0.0534291
0.0534358
0.0534442
0.0534409
0.0534473
0.0534523
0.0534588
0.0534651
0.0534705
0.0534709
0.0534681
0.0534779
0.0534751
0.0534842
0.0534967
0.0534983
0.0535127
0.0535215
0.0535239
0.053536
0.0535603
0.0535614
0.0535598
0.053569
0.0535788
0.0535817
0.0535955
0.0536064
0.0536051
0.0536107
0.0536228
0.053633
0.0536369
0.0536439
0.0536447
0.0536592
0.0536546
0.0536604
0.0536684
0.0536685
0.053675
0.0536742
0.0536782
0.0536872
0.0536963
0.0536971
0.0537078
0.0537094
0.0537179
0.0537247
0.0537307
0.0537367
0.0537473
0.0537485
0.0537559
0.0537533
0.0537649
0.0537696
0.0537917
0.0537993
0.0538078
0.0538118
0.0538212
0.0538253
0.0538258
0.0538316
0.0538318
0.0538329
0.0538356
0.0538392
0.0538445
0.0538451
0.0538459
0.0538584
0.0538727
0.0538758
0.0538802
0.0538826
0.0538898
0.0538966
0.0539044
0.0539098
0.0539145
0.0539234
0.053936
0.0539464
0.0539499
0.0539576
0.0539565
0.0539626
0.0539651
0.0539678
0.0539706
0.0539686
0.0539792
0.0539771
0.0539858
0.0539855
0.0539974
0.0540036
0.0540066
0.0540069
0.0540145
0.0540153
0.0540215
0.0540264
0.0540382
0.0540489
0.0540603
0.0540683
0.054076
0.0540841
0.0540919
0.0540979
0.0541077
0.054111
0.0541148
0.0541179
0.0541254
0.0541283
0.0541283
0.0541334
0.0541345
0.0541387
0.0541532
0.054165
0.0541668
0.0541716
0.0541791
0.0541951
0.0541968
0.0542001
0.0542093
0.0542047
0.0542214
0.0542201
0.0542299
0.0542512
0.0542598
0.0542723
0.0542766
0.0542813
0.0542865
0.0542925
0.0542949
0.0542979
0.0542976
0.054308
0.054316
0.0543239
0.0543304
0.0543453
0.0543488
0.0543511
0.0543581
0.0543573
0.0543699
0.05438
0.0543852
0.0543893
0.0544001
0.0544021
0.0544072
0.0544204
0.0544298
0.0544362
0.054438
0.0544422
0.0544583
0.0544611
0.0544736
0.0544869
0.0544854
0.0544921
0.0545055
0.0545164
0.054528
0.0545316
0.0545367
0.0545464
0.0545578
0.0545644
0.0545773
0.0545793
0.0545978
0.0546089
0.0546157
0.0546195
0.0546247
0.0546281
0.0546356
0.0546514
0.0546523
0.0546574
0.0546636
0.0546686
0.0546756
0.0546753
0.0546775
0.0546848
0.0546947
0.0547021
0.0547058
0.0547186
0.0547208
0.0547222
0.0547259
0.0547242
0.0547311
0.0547317
0.0547468
0.0547515
0.0547642
0.0547739
0.0547749
0.0547763
0.0547832
0.0547869
0.0547918
0.0548003
0.05481
0.0548214
0.0548246
0.0548296
0.0548422
0.0548485
0.054852
0.0548623
0.0548652
0.0548731
0.0548796
0.0548803
0.0548812
0.0548934
0.0548974
0.054897
0.054898
0.0549064
0.0549181
0.0549176
0.0549216
0.0549274
0.0549333
0.0549432
0.0549398
0.0549526
0.0549607
0.0549662
0.0549817
0.0549845
0.0549896
0.0549975
0.0550048
0.0550161
0.055023
0.055026
0.055027
0.0550315
0.0550452
0.0550573
0.0550645
0.0550706
0.0550721
0.0550757
0.0550772
0.0550792
0.0550868
0.0550846
0.0550975
0.0551063
0.0551112
0.0551195
0.0551255
0.0551307
0.0551328
0.0551409
0.0551456
0.0551488
0.0551561
0.0551642
0.055167
0.0551656
0.0551711
0.0551753
0.0551768
0.055179
0.0551783
0.0551894
0.0552027
0.0552057
0.055213
0.0552197
0.0552236
0.0552375
0.0552386
0.0552392
0.0552403
0.055247
0.0552491
0.0552573
0.055267
0.0552684
0.0552734
0.0552843
0.0552933
0.0552922
0.0552988
0.0553078
0.055319
0.0553203
0.0553335
0.0553384
0.055339
0.0553417
0.0553459
0.0553442
0.0553486
0.0553583
0.0553655
0.0553712
0.0553784
0.0553843
0.0553869
0.0553919
0.0554068
0.0554106
0.0554152
0.0554299
0.0554357
0.0554404
0.0554448
0.0554443
0.0554489
0.0554535
0.0554563
0.0554666
0.0554734
0.0554776
0.0554857
0.0554924
0.0554924
0.0554931
0.0555116
0.0555194
0.055528
0.0555377
0.0555401
0.055546
0.0555512
0.0555582
0.055573
0.0555764
0.0555847
0.0555824
0.0555878
0.0555998
0.0556008
0.0556068
0.0556072
0.0556089
0.0556132
0.0556226
0.0556315
0.055634
0.0556411
0.0556431
0.0556506
0.0556498
0.0556592
0.0556614
0.0556661
0.0556843
0.0556874
0.0556881
0.0556972
0.0556964
0.0557041
0.0557113
0.0557113
0.0557178
0.0557225
0.0557287
0.055732
0.055738
0.0557444
0.0557537
0.0557649
0.0557703
0.0557781
0.0557817
0.0557904
0.0557957
0.0558023
0.0558034
0.0558044
0.0558062
0.0558155
0.0558226
0.0558233
0.0558357
0.0558471
0.0558585
0.055868
0.0558643
0.0558731
0.0558833
0.0558879
0.0558929
0.0559014
0.0559026
0.0559053
0.0559073
0.0559137
0.0559156
0.0559219
0.055925
0.0559261
0.0559334
0.0559489
0.055954
0.0559561
0.055969
0.0559717
0.0559829
0.0559931
0.0560037
0.0560104
0.0560076
0.0560177
0.0560291
0.0560355
0.0560433
0.0560451
0.0560493
0.056053
0.0560535
0.0560585
0.0560693
0.0560727
0.056079
0.0560835
0.0560836
0.0560911
0.0560929
0.0561137
0.0561212
0.0561202
0.0561245
0.0561353
0.0561412
0.0561528
0.0561548
0.0561679
0.05617
0.0561808
0.056184
0.056186
0.0561912
0.0561935
0.056202
0.0562013
0.0562057
0.056212
0.0562204
0.0562208
0.0562288
0.0562329
0.0562322
0.0562417
0.0562377
0.0562462
0.0562472
0.0562568
0.0562627
0.0562669
0.0562674
0.0562645
0.0562725
0.0562707
0.0562809
0.0562842
0.0562861
0.0563006
0.0563034
0.0563117
0.056316
0.0563141
0.0563163
0.0563296
0.0563296
0.0563284
0.0563381
0.0563381
0.0563454
0.0563496
0.0563548
0.056361
0.0563722
0.0563825
0.056385
0.0563891
0.0563919
0.0564011
0.0564027
0.0564133
0.0564123
0.0564164
0.0564191
0.0564307
0.0564358
0.0564425
0.0564403
0.0564592
0.0564659
0.0564707
0.0564794
0.0564815
0.0564903
0.0565004
0.0565089
0.0565173
0.056522
0.056536
0.0565443
0.0565571
0.0565647
0.0565645
0.0565707
0.0565762
0.0565828
0.0565939
0.0565961
0.0565966
0.0565948
0.0566025
0.0566118
0.056613
0.0566149
0.0566256
0.0566275
0.0566354
0.0566477
0.056655
0.0566542
0.0566675
0.0566693
0.0566757
0.0566739
0.0566833
0.0566835
0.056693
0.0567004
0.0567014
0.0567043
0.0567106
0.0567079
0.056716
0.056724
0.0567254
0.056733
0.0567348
0.0567371
0.0567418
0.0567444
0.0567481
0.0567527
0.0567546
0.0567561
0.0567749
0.0567763
0.0567813
0.0567875
0.0568065
0.0568126
0.056833
0.0568417
0.056845
0.056855
0.0568653
0.056868
0.0568786
0.0568891
0.0568926
0.0568922
0.0568978
0.0569001
0.0569048
0.0569138
0.0569238
0.0569332
0.0569417
0.0569455
0.0569475
0.0569512
0.0569639
0.0569789
0.056989
0.0569915
0.0569964
0.0570069
0.0570094
0.0570102
0.057012
0.0570117
0.0570214
0.0570336
0.0570385
0.0570447
0.0570493
0.0570519
0.0570529
0.0570554
0.0570737
0.0570829
0.0570954
0.0570991
0.0570968
0.0570994
0.0571063
0.0571124
0.0571201
0.0571208
0.0571249
0.0571333
0.0571442
0.0571549
0.0571608
0.0571611
0.0571643
0.057169
0.057174
0.057176
0.05719
0.0571913
0.0571952
0.057204
0.0572095
0.0572219
0.0572271
0.0572303
0.0572353
0.0572385
0.0572426
0.0572455
0.0572467
0.0572563
0.0572616
0.0572676
0.0572718
0.0572849
0.0572881
0.057294
0.0572969
0.0573023
0.057313
0.0573163
0.0573188
0.0573223
0.0573273
0.057327
0.0573328
0.0573467
0.0573523
0.0573577
0.0573627
0.0573744
0.0573844
0.057384
0.0573837
0.0573846
0.0573837
0.0573847
0.0573937
0.0574091
0.0574227
0.0574282
0.0574324
0.0574379
0.0574517
0.0574648
0.0574698
0.0574749
0.057475
0.0574819
0.057495
0.057496
0.057503
0.0575068
0.0575136
0.0575235
0.0575263
0.0575374
0.0575482
0.057558
