0.808679
0.814501
0.818009
0.822573
0.824962
0.821801
0.81961
0.81872
0.817782
0.820557
0.806401
0.795087
0.783709
0.774189
0.766494
0.7598
0.754574
0.74934
0.743713
0.739036
0.730634
0.720792
0.712156
0.703648
0.696713
0.689203
0.683872
0.678595
0.674961
0.669902
0.661007
0.654005
0.645663
0.638036
0.631388
0.625059
0.61886
0.613467
0.607219
0.601392
0.594095
0.587331
0.580264
0.574801
0.568932
0.563672
0.558162
0.552856
0.547677
0.543079
0.537415
0.531534
0.526028
0.521521
0.516408
0.511749
0.507214
0.50244
0.498359
0.493369
0.488363
0.48332
0.479461
0.475287
0.471028
0.467298
0.462587
0.458943
0.454433
0.450424
0.446634
0.442613
0.439168
0.435773
0.432374
0.429227
0.425785
0.422463
0.419584
0.416649
0.413958
0.411197
0.408613
0.405546
0.402756
0.400225
0.397343
0.39518
0.392766
0.390751
0.388902
0.387056
0.385182
0.383478
0.381759
0.380047
0.37823
0.376415
0.374751
0.373278
0.372146
0.371067
0.369806
0.368581
0.367483
0.366361
0.365665
0.364653
0.363862
0.362681
0.361943
0.361535
0.360946
0.360774
0.360472
0.359833
0.359016
0.358677
0.357973
0.357043
0.357087
0.356892
0.356953
0.357022
0.357125
0.357052
0.356895
0.356945
0.356931
0.357104
0.356926
0.356778
0.357016
0.357249
0.357378
0.357
0.356961
0.356827
0.357065
0.357116
0.357226
0.357279
0.357512
0.357237
0.357302
0.357169
0.356844
0.357224
0.357142
0.356832
0.356971
0.356702
0.356524
0.356325
0.356221
0.356232
0.358897
0.361827
0.364616
0.367433
0.37018
0.372769
0.375433
0.378045
0.380715
0.383196
0.385895
0.388647
0.390873
0.393362
0.395956
0.398439
0.401069
0.403416
0.405982
0.408241
0.409532
0.411062
0.412498
0.413664
0.415171
0.416583
0.417786
0.419175
0.420301
0.421518
0.422022
0.422265
0.422825
0.423337
0.423699
0.424432
0.424786
0.425217
0.425789
0.426224
0.426154
0.426058
0.426046
0.426045
0.425883
0.425613
0.425374
0.425174
0.425033
0.424923
0.424469
0.424052
0.423594
0.423062
0.422492
0.421952
0.421363
0.4208
0.420304
0.419836
0.419126
0.418319
0.417554
0.416935
0.416362
0.415673
0.415104
0.414524
0.413949
0.413358
0.41254
0.411754
0.410982
0.410315
0.409554
0.408735
0.408059
0.407468
0.406616
0.406005
0.405479
0.404699
0.404084
0.403285
0.402632
0.401853
0.401092
0.400504
0.399948
0.399268
0.398764
0.398126
0.397645
0.397186
0.39674
0.396238
0.395778
0.395312
0.394776
0.394223
0.393909
0.393774
0.393531
0.393076
0.39266
0.392403
0.392146
0.391877
0.391635
0.391231
0.391278
0.391314
0.391153
0.391141
0.391241
0.39112
0.39114
0.391203
0.391137
0.391167
0.391127
0.391028
0.390998
0.391024
0.390983
0.390971
0.390799
0.390727
0.390767
0.39083
0.390743
0.390671
0.390597
0.390626
0.390459
0.390333
0.390381
0.39029
0.390044
0.38983
0.389893
0.389842
0.38966
0.389663
0.389641
0.389589
0.389704
0.389734
0.38966
0.389638
0.389586
0.389528
0.389457
0.389332
0.389329
0.389204
0.389114
0.388985
0.3889
0.388882
0.388751
0.388617
0.388417
0.388341
0.388348
0.388262
0.388248
0.388281
0.388382
0.388325
0.388394
0.38813
0.38803
0.38796
0.387909
0.387881
0.38781
0.387759
0.387695
0.387587
0.387458
0.387411
0.387405
0.387386
0.387224
0.387172
0.387212
0.387118
0.387054
0.386874
0.386782
0.386765
0.38669
0.386527
0.386439
0.386412
0.386273
0.386211
0.386047
0.386049
0.385997
0.385989
0.385906
0.385828
0.385784
0.385707
0.385682
0.385668
0.385562
0.385423
0.385277
0.385279
0.385206
0.385198
0.385099
0.385017
0.384887
0.384711
0.384599
0.384574
0.384478
0.384442
0.384425
0.38424
0.38416
0.384031
0.38395
0.383846
0.38371
0.383507
0.383301
0.383199
0.38312
0.382906
0.382826
0.382829
0.382694
0.382561
0.382476
0.382356
0.382258
0.382143
0.381962
0.38181
0.381694
0.381597
0.381418
0.381283
0.381206
0.381138
0.381058
0.380957
0.38089
0.380824
0.380713
0.380538
0.380427
0.38026
0.380113
0.380005
0.379974
0.379992
0.379918
0.379785
0.379653
0.379489
0.379416
0.379318
0.37923
0.379186
0.379019
0.378955
0.378981
0.378926
0.378711
0.378488
0.378506
0.378476
0.378386
0.37829
0.378175
0.378071
0.377956
0.377882
0.377772
0.377685
0.377591
0.377508
0.377401
0.377294
0.37725
0.377214
0.377103
0.377103
0.377006
0.376917
0.376853
0.376759
0.376593
0.376532
0.376512
0.37642
0.376382
0.376228
0.376156
0.376087
0.375923
0.375911
0.375949
0.37596
0.376014
0.376007
0.376021
0.375961
0.37599
0.37599
0.375945
0.375917
0.375961
0.375909
0.37585
0.375763
0.375786
0.375816
0.375796
0.375694
0.375651
0.375604
0.375616
0.375588
0.37559
0.375573
0.375548
0.375504
0.375521
0.375429
0.375375
0.375256
0.375269
0.37526
0.375278
0.375274
0.375297
0.375228
0.375201
0.37521
0.375176
0.375165
0.375218
0.375206
0.375263
0.375282
0.375236
0.375134
0.375078
0.375123
0.375103
0.374976
0.374982
0.374973
0.374924
0.37492
0.374879
0.3748
0.374796
0.374727
0.374784
0.374726
0.374764
0.374715
0.374729
0.37463
0.37466
0.374698
0.374669
0.374656
0.374702
0.374678
0.374685
0.374691
0.374651
0.374658
0.374686
0.37473
0.374627
0.374674
0.374712
0.374746
0.374772
0.374787
0.374743
0.374701
0.374638
0.374674
0.374649
0.374586
0.374537
0.374487
0.374527
0.374455
0.37435
0.374366
0.374398
0.374381
0.374366
0.374444
0.374472
0.374353
0.374328
0.374335
0.374267
0.374255
0.374188
0.374205
0.374245
0.374255
0.374306
0.374295
0.374286
0.37428
0.37421
0.374227
0.374229
0.37417
0.374161
0.374194
0.37412
0.374121
0.374136
0.374047
0.373966
0.373967
0.373986
0.374041
0.374021
0.374042
0.373992
0.374037
0.374024
0.374016
0.37396
0.37389
0.373846
0.373773
0.373708
0.373692
0.373594
0.373617
0.373599
0.373624
0.373743
0.373662
0.373647
0.37353
0.373528
0.373519
0.373495
0.373446
0.373406
0.373384
0.373373
0.37337
0.373351
0.3733
0.373281
0.37321
0.373217
0.373222
0.373175
0.373172
0.373167
0.373205
0.373198
0.373182
0.373205
0.373181
0.373174
0.373101
0.373089
0.373082
0.373053
0.373001
0.372967
0.372982
0.372914
0.372882
0.372856
0.372849
0.372826
0.372851
0.372718
0.372655
0.372569
0.372544
0.372535
0.372519
0.372479
0.372495
0.372469
0.372449
0.372427
0.372369
0.37239
0.372408
0.372413
0.372438
0.372395
0.372391
0.372375
0.372313
0.372257
0.372209
0.372182
0.372138
0.372122
0.372145
0.372011
0.372008
0.372016
0.372001
0.371936
0.371908
0.371855
0.37186
0.371867
0.371862
0.371792
0.371797
0.371813
0.371815
0.371824
0.371786
0.371739
0.371781
0.371775
0.371709
0.371675
0.371678
0.371682
0.371627
0.371611
0.371608
0.371578
0.371546
0.37152
0.371543
0.371481
0.371422
0.371388
0.371264
0.371194
0.37117
0.371157
0.371075
0.371059
0.371029
0.370969
0.370934
0.370874
0.37081
0.370758
0.370781
0.370759
0.370725
0.370661
0.370664
0.370625
0.370616
0.370629
0.370566
0.370525
0.370513
0.370402
0.370373
0.370342
0.370295
0.370162
0.370066
0.370014
0.369959
0.369899
0.369853
0.369806
0.36977
0.369742
0.369713
0.369662
0.369633
0.369597
0.369529
0.369513
0.369472
0.36945
0.369411
0.369405
0.369345
0.369312
0.36926
0.369204
0.369107
0.369097
0.369047
0.368973
0.368906
0.368836
0.368794
0.368755
0.368731
0.368703
0.368692
0.36866
0.368662
0.368606
0.368557
0.368556
0.36854
0.368513
0.368472
0.368432
0.368386
0.368375
0.368377
0.36833
0.368349
0.368287
0.368251
0.368169
0.368118
0.368112
0.368073
0.368134
0.368067
0.368017
0.367995
0.367958
0.367888
0.367843
0.36788
0.367873
0.367808
0.367831
0.367849
0.36779
0.367725
0.367693
0.367714
0.367618
0.367552
0.367531
0.367516
0.367482
0.367511
0.367457
0.367484
0.367438
0.367435
0.367438
0.367337
0.3673
0.367305
0.367294
0.367251
0.367196
0.367195
0.367174
0.367168
0.367128
0.367102
0.367077
0.367037
0.367
0.367004
0.366994
0.36699
0.36696
0.366926
0.366911
0.366901
0.366877
0.366849
0.366783
0.366762
0.366749
0.366777
0.366772
0.366726
0.366727
0.366754
0.366756
0.366725
0.366753
0.366727
0.366697
0.366713
0.366752
0.366757
0.366778
0.366701
0.366707
0.366718
0.36661
0.366602
0.366601
0.366607
0.366643
0.36661
0.366597
0.36658
0.366592
0.366562
0.366579
0.366566
0.366569
0.366596
0.366602
0.366613
0.366604
0.366608
0.366574
0.366558
0.366543
0.366549
0.366577
0.366581
0.36658
0.366572
0.366563
0.366572
0.366537
0.366541
0.366514
0.366532
0.36654
0.36653
0.366548
0.366529
0.366552
0.366535
0.366528
0.366524
0.366567
0.36653
0.366531
0.366536
0.366539
0.366551
0.366532
0.366529
0.366507
0.366512
0.366498
0.366464
0.366481
0.366479
0.366495
0.366501
0.366403
0.366376
0.366342
0.366374
0.366379
0.366362
0.366368
0.366365
0.366348
0.366327
0.366324
0.366309
0.366339
0.36635
0.366316
0.366334
0.366375
0.366353
0.366344
0.366338
0.366358
0.366351
0.366354
0.366369
0.366347
0.366346
0.366341
0.366322
0.366318
0.366311
0.366276
0.366249
0.36621
0.366204
0.366205
0.366162
0.366143
0.366114
0.366085
0.366112
0.366089
0.366055
0.366107
0.366101
0.366076
0.366057
0.366046
0.365988
0.365939
0.365916
0.365945
0.365943
0.365944
0.365932
0.365937
0.365927
0.36589
0.365884
0.365851
0.365828
0.365829
0.365849
0.365827
0.365774
0.365763
0.36577
0.365789
0.365778
0.365745
0.365748
0.365724
0.365713
0.365678
0.365622
0.365637
0.365602
0.365574
0.365602
0.365601
0.3656
0.365589
0.365597
0.365571
0.365579
0.365571
0.365581
0.365581
0.36552
0.365551
0.365593
0.365631
0.365641
0.365618
0.365617
0.365565
0.365558
0.365535
0.365535
0.365523
0.365526
0.365515
0.365511
0.365502
0.365487
0.365459
0.365497
0.36548
0.365451
0.365442
0.365381
0.36541
0.365457
0.36546
0.365459
0.365418
0.365402
0.365354
0.365367
0.36535
0.365314
0.365292
0.365248
0.36523
0.365234
0.365245
0.365193
0.365194
0.365174
0.365144
0.365077
0.365055
0.365029
0.365035
0.365064
0.365055
0.365048
0.365039
0.365018
0.364997
0.364991
0.365006
0.364979
0.364953
0.364965
0.364918
0.364924
0.364901
0.364886
0.364863
0.36487
0.364841
0.364813
0.364798
0.364781
0.364765
0.364747
0.364757
0.364716
0.364653
0.36462
0.36458
0.364585
0.364624
0.364624
0.364584
0.364595
0.364582
0.364593
0.364576
0.364579
0.364586
0.364564
0.364562
0.364534
0.36451
0.364499
0.364483
0.364482
0.364474
0.364402
0.364376
0.364345
0.364355
0.364311
0.364276
0.364284
0.36432
0.364304
0.364292
0.364297
0.364268
0.364268
0.364252
0.364228
0.3642
0.364231
0.364234
0.36422
0.364248
0.364223
0.364193
0.364178
0.364156
0.364174
0.364168
0.364183
0.364161
0.364147
0.364116
0.364122
0.364112
0.364077
0.364036
0.364006
0.364019
0.364001
0.363983
0.363979
0.36393
0.363926
0.363931
0.36393
0.363893
0.363914
0.363891
0.363862
0.363832
0.363838
0.363842
0.36385
0.363847
0.363878
0.363877
0.363881
0.363895
0.363909
0.363904
0.363869
0.363831
0.363829
0.36381
0.363815
0.363801
0.363782
0.363748
0.363761
0.363744
0.363719
0.363745
0.36377
0.363773
0.363799
0.363807
0.363833
0.363807
0.363815
0.363809
0.363798
0.36378
0.363753
0.363774
0.363802
0.36378
0.363781
0.363786
0.363779
0.363756
0.363747
0.363735
0.363708
0.363701
0.363688
0.363677
0.36367
0.363657
0.363658
0.363638
0.36365
0.363628
0.363615
0.363586
0.363588
0.363627
0.363644
0.363628
0.363646
0.363616
0.36359
0.363576
0.363574
0.363548
0.363546
0.363568
0.363571
0.363574
0.363567
0.363593
0.363575
0.363545
0.36353
0.363517
0.363506
0.363477
0.363476
0.363454
0.363447
0.363443
0.363432
0.363433
0.363383
0.363358
0.363332
0.363348
0.363353
0.363364
0.363336
0.363343
0.363324
0.363294
0.363309
0.363295
0.363304
0.363308
0.363323
0.363318
0.363311
0.363319
0.363324
0.3633
0.363312
0.363279
0.363253
0.363283
0.363277
0.363247
0.363244
0.363227
0.363228
0.363248
0.363252
0.363204
0.363179
0.363176
0.363152
0.363157
0.363122
0.363084
0.36306
0.363024
0.363018
0.363035
0.363009
0.362977
0.362925
0.362924
0.362944
0.362926
0.362906
0.362921
0.362893
0.362896
0.36289
0.362858
0.362852
0.362873
0.36284
0.362841
0.362829
0.362799
0.362811
0.362812
0.362796
0.362793
0.362782
0.362788
0.362764
0.362728
0.362699
0.362688
0.362704
0.362687
0.362679
0.362701
0.362713
0.362722
0.362751
0.362738
0.362759
0.362763
0.362754
0.36276
0.362741
0.362747
0.36274
0.362732
0.362688
0.362665
0.362678
0.362706
0.362681
0.362665
0.362667
0.362671
0.3627
0.362704
0.362685
0.362684
0.362703
0.362693
0.362681
0.362678
0.362671
0.36267
0.362642
0.362642
0.362638
0.362621
0.362621
0.362623
0.362639
0.362654
0.36265
0.362654
0.362598
0.362566
0.362554
0.362513
0.362503
0.362477
0.362439
0.362421
0.362391
0.362407
0.36238
0.362415
0.3624
0.362388
0.362394
0.362392
0.362381
0.362405
0.362408
0.362348
0.362362
0.362382
0.362379
0.362386
0.362345
0.362321
0.362315
0.362318
0.362319
0.362325
0.362326
0.362319
0.362349
0.362351
0.362385
0.36239
0.362413
0.362414
0.362414
0.362424
0.362408
0.362394
0.362395
0.362386
0.362371
0.362375
0.362365
0.36238
0.36239
0.362394
0.36242
0.362411
0.362413
0.362429
0.362414
0.362406
0.362411
0.362419
0.362411
0.362433
0.36241
0.362423
0.362414
0.362437
0.362432
0.362438
0.362456
0.362464
0.362459
0.36245
0.362461
0.362479
0.362453
0.362453
0.362456
0.362441
0.362443
0.362458
0.362465
0.362454
0.362465
0.362471
0.362473
0.362468
0.362468
0.362453
0.362465
0.362438
0.36244
0.362452
0.362426
0.362408
0.362379
0.362384
0.362403
0.3624
0.362413
0.362428
0.36241
0.362427
0.362423
0.362397
0.362385
0.362361
0.36236
0.362346
0.362348
0.362338
0.362309
0.362296
0.3623
0.362286
0.362291
0.362306
0.362297
0.362266
0.362243
0.362254
0.36223
0.362245
0.362241
0.362235
0.362247
0.362233
0.362227
0.362212
0.362201
0.362191
0.362183
0.36217
0.362156
0.362126
0.36214
0.362142
0.362143
0.362128
0.362083
0.362064
0.362072
0.362082
0.362082
0.362076
0.36208
0.362059
0.36206
0.36207
0.362068
0.362066
0.362029
0.362022
0.36203
0.362031
0.362041
0.362035
0.362047
0.362061
0.362063
0.362038
0.36203
0.362067
0.362066
0.362064
0.362052
0.362062
0.362074
0.36207
0.362088
0.362103
0.362085
0.362082
0.362082
0.362055
0.362033
0.36207
0.362077
0.362066
0.362075
0.36205
0.362031
0.361993
0.361993
0.361992
0.361975
0.361993
0.362004
0.362027
0.36204
0.362048
0.362066
0.362051
0.362051
0.36207
0.362094
0.362103
0.362106
0.362089
0.362094
0.3621
0.362115
0.362109
0.362105
0.362162
0.362146
0.362148
0.362117
0.362101
0.362079
0.362066
0.362085
0.362082
0.362061
0.362064
0.362048
0.362047
0.362029
0.362027
0.362026
0.362018
0.362008
0.362023
0.362002
0.362006
0.362
0.362025
0.361996
0.362022
0.362047
0.36206
0.362058
0.362059
0.36204
0.362031
0.362043
0.362048
0.362049
0.362056
0.362034
0.36205
0.36206
0.362051
0.362021
0.362008
0.361999
0.362002
0.361991
0.362005
0.362004
0.362002
0.361997
0.361993
0.361972
0.361964
0.361981
0.361994
0.361967
0.361934
0.361923
0.361902
0.361893
0.361918
0.361931
0.361917
0.36193
0.361919
0.361914
0.361918
0.361927
0.361908
0.361875
0.36185
0.361857
0.36183
0.361819
0.361831
0.361813
0.361809
0.361809
0.361812
0.36178
0.361769
0.361755
0.361756
0.361764
0.361761
0.36176
0.361744
0.361744
0.361743
0.361755
0.361766
0.361755
0.361739
0.361737
0.361731
0.361728
0.361706
0.361711
0.361704
0.361716
0.361683
0.361678
0.36167
0.361676
0.361676
0.361662
0.361674
0.361683
0.361667
0.361656
0.361663
0.361633
0.361615
0.361609
0.361605
0.361618
0.361611
0.361619
0.3616
0.361596
0.361596
0.361617
0.361632
0.36163
0.361615
0.361621
0.361612
0.361611
0.361644
0.361635
0.36164
0.361645
0.361615
0.361624
0.361626
0.361618
0.361606
0.361587
0.361587
0.36158
0.361576
0.361579
0.361567
0.361567
0.361544
0.361543
0.361549
0.361548
0.361549
0.361566
0.361559
0.361556
0.361558
0.36155
0.361555
0.361533
0.361531
0.361512
0.361516
0.361527
0.361513
0.361502
0.361509
0.361505
0.361493
0.3615
0.361503
0.361498
0.361495
0.361482
0.361481
0.361462
0.361464
0.361471
0.361475
0.361444
0.361431
0.361438
0.361409
0.361373
0.361384
0.361388
0.361384
0.361352
0.361324
0.361311
0.3613
0.361283
0.361268
0.361251
0.361257
0.361243
0.361219
0.361222
0.361211
0.361192
0.361207
0.361183
0.361155
0.361156
0.361137
0.361125
0.361096
0.361087
0.361049
0.361033
0.361028
0.361018
0.361036
0.361038
0.361037
0.361025
0.36102
0.36102
0.361049
0.361058
0.361066
0.361045
0.36104
0.361057
0.361046
0.361049
0.361042
0.361032
0.361034
0.36102
0.360994
0.361012
0.360987
0.360973
0.360958
0.360936
0.360923
0.360899
0.360893
0.360859
0.360851
0.360864
0.360855
0.360844
0.360844
0.360846
0.360849
0.360839
0.360813
0.360816
0.360817
0.360811
0.360818
0.360826
0.360822
0.360809
0.360816
0.360797
0.360783
0.3608
0.360818
0.360817
0.360833
0.360841
0.360814
0.360806
0.360799
0.360783
0.360771
0.360754
0.360725
0.360725
0.360712
0.36072
0.360736
0.360732
0.360725
0.360718
0.360728
0.360721
0.360726
0.360725
0.360743
0.360726
0.360717
0.360699
0.360671
0.360663
0.360663
0.360638
0.360629
0.360618
0.360637
0.360645
0.36065
0.360643
0.360645
0.360646
0.360634
0.360602
0.360585
0.360597
0.360591
0.360606
0.360608
0.360611
0.360615
0.360619
0.360587
0.360569
0.360566
0.360551
0.360551
0.360519
0.360554
0.360551
0.360554
0.360524
0.36052
0.360524
0.360504
0.360468
0.36047
0.360476
0.360494
0.360503
0.36053
0.360501
0.360498
0.360515
0.3605
0.36049
0.360484
0.360496
0.360505
0.360521
0.360537
0.360542
0.360542
0.360489
0.360477
0.360459
0.360452
0.360448
0.360446
0.360431
0.360435
0.360403
0.360405
0.360398
0.360388
0.360411
0.360407
0.360403
0.360404
0.360402
0.360375
0.360376
0.360357
0.360335
0.36033
0.360333
0.360326
0.360336
0.360318
0.360318
0.360322
0.360307
0.360319
0.360317
0.360336
0.360333
0.36032
0.360335
0.360349
0.360331
0.360325
0.360334
0.360312
0.360316
0.360328
0.36033
0.360331
0.360342
0.360351
0.360349
0.360354
0.360323
0.360326
0.360333
0.360331
0.360333
0.360347
0.360344
0.36035
0.360333
0.360311
0.360302
0.360291
0.360285
0.360305
0.360296
0.360275
0.360281
0.360274
0.360278
0.360245
0.360238
0.36023
0.360235
0.360238
0.360238
0.360226
0.360224
0.360168
0.360163
0.360166
0.360179
0.360181
0.360169
0.360174
0.360154
0.360142
0.360134
0.360133
0.36012
0.360135
0.360156
0.360167
0.360149
0.360151
0.360147
0.360151
0.360145
0.360137
0.360151
0.360143
0.360133
0.360124
0.360118
0.360139
0.360142
0.360135
0.360128
0.360126
0.36012
0.360109
0.360131
0.36014
0.360135
0.360121
0.36012
0.36013
0.360138
0.360125
0.360102
0.3601
0.360107
0.36012
0.360122
0.36013
0.360143
0.360117
0.360124
0.360116
0.360126
0.360114
0.3601
0.3601
0.360101
0.360104
0.360109
0.360094
0.360088
0.360073
0.360085
0.360122
0.360103
0.360086
0.360085
0.360082
0.36008
0.360082
0.360089
0.360111
0.360105
0.360107
0.36011
0.360123
0.360124
0.360123
0.360142
0.360154
0.360151
0.360156
0.360163
0.360193
0.3602
0.360212
0.360207
0.360204
0.360215
0.360211
0.360228
0.360223
0.360231
0.360246
0.36025
0.360258
0.36025
0.360237
0.360231
0.360221
0.360239
0.360245
0.360248
0.360238
0.360227
0.360242
0.360225
0.360226
0.360224
0.360198
0.360198
0.360201
0.360191
0.360193
0.360182
0.360185
0.360178
0.360174
0.360153
0.360146
0.360136
0.360112
0.360095
0.360112
0.360098
0.360105
0.360111
0.360133
0.360139
0.360133
0.360147
0.360165
0.360175
0.360177
0.360165
0.360163
0.360173
0.360178
0.360179
0.360179
0.360192
0.36017
0.360172
0.36015
0.360155
0.36015
0.360164
0.360164
0.360165
0.360172
0.36015
0.360145
0.360145
0.360145
0.36014
0.360136
0.360132
0.360129
0.360112
0.360108
0.360112
0.360116
0.360117
0.360119
0.360115
0.36011
0.36012
0.360108
0.360091
0.360076
0.360053
0.360071
0.360075
0.360058
0.360066
0.360067
0.360071
0.360076
0.360067
0.360076
0.360069
0.360054
0.360064
0.36007
0.360038
0.360038
0.360025
0.360025
0.360036
0.36004
0.360017
0.360009
0.360004
0.360018
0.360005
0.360004
0.359988
0.359993
0.36
0.360013
0.360004
0.36
0.360005
0.360015
0.360026
0.360026
0.360008
0.360004
0.360009
0.360012
0.35999
0.359986
0.360003
0.359989
0.360006
0.35999
0.359983
0.359973
0.359959
0.35996
0.359964
0.359954
0.35996
0.359964
0.359968
0.359967
0.359955
0.359965
0.359947
0.359942
0.35995
0.359953
0.359964
0.359946
0.359923
0.35992
0.35992
0.359911
0.359913
0.359906
0.359909
0.359912
0.359898
0.359889
0.359882
0.359863
0.359849
0.359849
0.359851
0.359839
0.359845
0.359833
0.35983
0.35981
0.359822
0.35982
0.359835
0.359823
0.35984
0.359835
0.35984
0.359844
0.359848
0.359836
0.359809
0.359804
0.359801
0.359785
0.359753
0.359747
0.359741
0.359749
0.359746
0.359735
0.359739
0.359729
0.359733
0.359725
0.359716
0.359712
0.359709
0.359697
0.359697
0.359707
0.359694
0.35969
0.359689
0.359704
0.359689
0.359683
0.359683
0.359674
0.359686
0.359694
0.359704
0.359696
0.359698
0.359678
0.359681
0.359678
0.359667
0.359662
0.359646
0.359638
0.359622
0.359619
0.359605
0.359604
0.359596
0.359604
0.35959
0.359592
0.359593
0.359571
0.359557
0.359547
0.359553
0.35954
0.359536
0.359528
0.359528
0.359533
0.359525
0.359514
0.359492
0.359483
0.359475
0.359479
0.359491
0.359482
0.35946
0.35946
0.359455
0.35944
0.359427
0.359438
0.359433
0.359425
0.359417
0.359414
0.359402
0.359385
0.359399
0.359377
0.359361
0.359353
0.359355
0.359354
0.359341
0.359334
0.359327
0.359309
0.359294
0.359271
0.359273
0.35926
0.359267
0.359286
0.359277
0.359273
0.359277
0.359284
0.35929
0.359296
0.359287
0.359294
0.359291
0.359287
0.35927
0.359285
0.359263
0.359261
0.359262
0.359242
0.359232
0.359239
0.359236
0.359238
0.359236
0.359227
0.359221
0.359215
0.359218
0.359219
0.359223
0.359211
0.359202
0.359196
0.3592
0.359201
0.359186
0.359179
0.359164
0.359136
0.359118
0.359117
0.359108
0.359095
0.359096
0.35909
0.359083
0.359065
0.359039
0.359047
0.359046
0.359044
0.359049
0.359053
0.359044
0.359025
0.359033
0.359036
0.359043
0.359045
0.359046
0.359041
0.359029
0.359032
0.359055
0.35906
0.359056
0.359055
0.359049
0.359066
0.359072
0.359072
0.359072
0.359073
0.359074
0.359078
0.359085
0.359081
0.359098
0.359099
0.359093
0.359098
0.359118
0.359126
0.359123
0.359117
0.359138
0.35915
0.359151
0.359162
0.359163
0.359174
0.359166
0.359168
0.359179
0.359177
0.359176
0.35917
0.359177
0.359182
0.359171
0.359181
0.35918
0.359192
0.35919
0.359191
0.359192
0.359191
0.359191
0.359187
0.359182
0.359187
0.359196
0.35919
0.359195
0.359194
0.359193
0.359177
0.359166
0.359176
0.359174
0.359172
0.359191
0.359179
0.359191
0.359187
0.35918
0.359194
0.359197
0.359202
0.3592
0.359225
0.359219
0.359219
0.359211
0.359214
0.35919
0.359191
0.359189
0.359179
0.359182
0.359173
0.35917
0.359175
0.359163
0.359153
0.359168
0.359152
0.359159
0.359159
0.359171
0.359166
0.359148
0.359139
0.35913
0.359124
0.359127
0.359119
0.359123
0.359133
0.359132
0.359131
0.359135
0.359141
0.359139
0.359143
0.35915
0.359154
0.35916
0.359173
0.359171
0.359169
0.359153
0.359134
0.359131
0.35915
0.359152
0.359153
0.359149
0.359146
0.359152
0.359159
0.35915
0.359137
0.359146
0.359165
0.359169
0.359172
0.359173
0.359175
0.359176
0.359177
0.359172
0.359167
0.359171
0.359169
0.359154
0.359166
0.359167
0.359182
0.359186
0.359184
0.359176
0.359188
0.359189
0.359192
0.359176
0.359173
0.359163
0.359142
0.359153
0.359146
0.359141
0.359144
0.359146
0.359135
0.359142
0.359144
0.359155
0.359154
0.359166
0.359171
0.359184
0.359199
0.359198
0.359202
0.359197
0.359209
0.359206
0.359211
0.359206
0.359204
0.359208
0.359208
0.359222
0.359221
0.359231
0.359233
0.359237
0.359235
0.359236
0.359226
0.359216
0.359207
0.359214
0.35921
0.359213
0.359205
0.359208
0.359209
0.35921
0.359203
0.359193
0.35919
0.359172
0.359172
0.359192
0.359195
0.359195
0.359193
0.359202
0.359195
0.359198
0.359174
0.359166
0.359165
0.35919
0.359177
0.359174
0.359184
0.359203
0.359213
0.35922
0.359217
0.359212
0.359213
0.35921
0.35921
0.359199
0.35919
0.359194
0.359192
0.359191
0.359192
0.359185
0.359179
0.359187
0.35918
0.359187
0.359182
0.359176
0.359175
0.359178
0.359181
0.359191
0.359195
0.359181
0.359182
0.359164
0.359169
0.359159
0.359168
0.359171
0.359171
0.359182
0.359192
0.359186
0.359192
0.359186
0.35917
0.359173
0.359163
0.35916
0.359175
0.359176
0.359152
0.359156
0.359161
0.359171
0.359152
0.359138
0.359138
0.359119
0.359108
0.359101
0.359101
0.359077
0.359062
0.359038
0.359045
0.359042
0.359049
0.359061
0.359073
0.359068
0.359077
0.359068
0.359036
0.359021
0.359022
0.359019
0.359013
0.359016
0.359021
0.35901
0.359005
0.359
0.358997
0.358989
0.358988
0.358995
0.358984
0.358982
0.358982
0.358977
0.358969
0.358962
0.358942
0.358941
0.358934
0.358926
0.358937
0.358934
0.358926
0.358915
0.358915
0.35891
0.358912
0.358897
0.358886
0.358871
0.358868
0.358857
0.358863
0.358863
0.35887
0.358862
0.358846
0.358836
0.358841
0.35884
0.358836
0.358824
0.358835
0.358837
0.358836
0.358837
0.358813
0.35882
0.358803
0.358801
0.358795
0.358796
0.358803
0.35881
0.35879
0.35878
0.358779
0.358777
0.35878
0.358768
0.358765
0.35877
0.358773
0.35878
0.358782
0.358789
0.358811
0.358803
0.35879
0.358788
0.358791
0.358795
0.358772
0.358781
0.358772
0.358776
0.358778
0.358787
0.358796
0.358809
0.358808
0.358812
0.358803
0.358798
0.358799
0.358799
0.358801
0.358804
0.358816
0.35882
0.358824
0.358818
0.358828
0.358839
0.358844
0.358846
0.358847
0.358847
0.35884
0.358845
0.358846
0.358848
0.358838
0.358857
0.35886
0.358865
0.358867
0.358865
0.35887
0.358863
0.358857
0.358858
0.358871
0.358889
0.358885
0.358869
0.358866
0.358858
0.35885
0.358835
0.358839
0.358824
0.358836
0.358829
0.358811
0.358816
0.35882
0.358814
0.358807
0.358798
0.358814
0.358812
0.358797
0.358784
0.358776
0.358771
0.35878
0.35878
0.35877
0.358775
0.358775
0.358774
0.358786
0.358792
0.358779
0.358776
0.358777
0.358771
0.358768
0.358772
0.35877
0.358757
0.358751
0.358753
0.358744
0.358767
0.358768
0.358764
0.358762
0.358773
0.358786
0.358797
0.358805
0.358814
0.358816
0.358811
0.358797
0.358795
0.358807
0.35881
0.358804
0.358813
0.358809
0.358794
0.358799
0.358797
0.358789
0.358778
0.358771
0.358763
0.358766
0.358762
0.358759
0.358755
0.358747
0.358738
0.35873
0.358719
0.358718
0.358721
0.358719
0.358716
0.358712
0.358703
0.358695
0.358708
0.358702
0.358711
0.358701
0.358711
0.358731
0.358724
0.358714
0.358711
0.358702
0.358717
0.358708
0.358707
0.358703
0.358701
0.358708
0.358705
0.358698
0.358698
0.35871
0.358717
0.358711
0.35871
0.358696
0.358686
0.358678
0.358687
0.358702
0.358698
0.35869
0.358687
0.35869
0.358672
0.35865
0.358642
0.358639
0.358639
0.35864
0.35865
0.358655
0.358654
0.358652
0.358655
0.358663
0.35866
0.358666
0.358664
0.358658
0.358655
0.358661
0.358668
0.358659
0.35866
0.358662
0.358666
0.358664
0.358657
0.358648
0.358649
0.358632
0.358606
0.358595
0.358592
0.358583
0.358584
0.358587
0.358588
0.358581
0.358581
0.35858
0.358574
0.358578
0.358571
0.358558
0.358561
0.358558
0.358554
0.358562
0.358565
0.358561
0.35856
0.358548
0.358537
0.358531
0.358523
0.358522
0.358536
0.358537
0.358534
0.358542
0.35854
0.358536
0.358535
0.358532
0.358507
0.358513
0.358497
0.358479
0.358489
0.358484
0.358473
0.358468
0.358467
0.358466
0.358451
0.358449
0.358446
0.358436
0.358431
0.358426
0.358429
0.358435
0.358435
0.358429
0.358417
0.358419
0.358423
0.358426
0.358423
0.358423
0.358412
0.358413
0.358416
0.358419
0.358411
0.358405
0.358394
0.358377
0.358355
0.358356
0.358342
0.358344
0.358352
0.358365
0.358363
0.358358
0.358359
0.358356
0.358352
0.358341
0.358334
0.35833
0.358324
0.358321
0.358317
0.358323
0.358311
0.358309
0.358313
0.358308
0.358304
0.358311
0.358304
0.358309
0.358308
0.358316
0.358307
0.358297
0.358295
0.35829
0.358283
0.358284
0.35829
0.358293
0.3583
0.358297
0.358294
0.358284
0.358293
0.358279
0.358278
0.358262
0.358249
0.35825
0.358247
0.358251
0.358244
0.358243
0.358236
0.358236
0.358231
0.358228
0.35824
0.358228
0.358236
0.358232
0.358226
0.358224
0.358207
0.358218
0.358207
0.358211
0.358211
0.358209
0.358219
0.358206
0.358202
0.358197
0.358198
0.358198
0.358183
0.35818
0.358174
0.358188
0.358186
0.35818
0.358183
0.358188
0.358199
0.358199
0.358193
0.358186
0.358189
0.35819
0.358185
0.358188
0.358187
0.358175
0.358185
0.358184
0.358186
0.358179
0.358174
0.358168
0.358164
0.358151
0.358156
0.358159
0.358154
0.358141
0.358144
0.358139
0.358143
0.358138
0.358144
0.358144
0.358142
0.358142
0.358148
0.358154
0.358166
0.358163
0.358172
0.358177
0.358183
0.358186
0.358184
0.358176
0.358177
0.358178
0.358162
0.358164
0.358173
0.35817
0.358151
0.358143
0.358144
0.358145
0.358143
0.358138
0.358139
0.358133
0.358137
0.358128
0.358116
0.358106
0.358106
0.358106
0.358102
0.358096
0.358105
0.358118
0.358113
0.358115
0.358106
0.358113
0.358111
0.358107
0.358113
0.358129
0.358137
0.358146
0.358149
0.358154
0.358164
0.358173
0.358174
0.358187
0.358186
0.358192
0.358192
0.358187
0.358186
0.358193
0.358181
0.358185
0.358178
0.358174
0.358181
0.358179
0.358172
0.358186
0.358185
0.35818
0.358187
0.358184
0.358189
0.358197
0.358188
0.358178
0.358178
0.358186
0.358189
0.358179
0.358187
0.358193
0.35819
0.358191
0.358197
0.358202
0.358195
0.358202
0.358203
0.358203
0.358203
0.358205
0.358201
0.358205
0.358193
0.358193
0.358191
0.358197
0.358204
0.3582
0.358198
0.358204
0.358195
0.358201
0.358202
0.358201
0.358197
0.3582
0.358189
0.358188
0.358192
0.358183
0.35817
0.358173
0.358159
0.358156
0.358155
0.35814
0.358141
0.358127
0.358122
0.358115
0.358105
0.358107
0.358094
0.358093
0.358082
0.358089
0.35808
0.358073
0.358071
0.358065
0.358059
0.358067
0.35805
0.358057
0.358056
0.358067
0.35806
0.358058
0.358048
0.358034
0.35803
0.358026
0.35802
0.35801
0.357991
0.357988
0.357978
0.357975
0.357963
0.357961
0.357964
0.357965
0.357958
0.357954
0.357942
0.357941
0.357941
0.357938
0.357938
0.357948
0.357956
0.35795
0.357951
0.357957
0.357955
0.357953
0.357958
0.357948
0.357936
0.357924
0.357917
0.357907
0.357902
0.35789
0.357891
0.357891
0.357882
0.357892
0.357886
0.357888
0.357897
0.3579
0.357901
0.357912
0.357898
0.357895
0.357893
0.35789
0.357881
0.357878
0.357867
0.35787
0.357868
0.357872
0.357879
0.357886
0.357881
0.357884
0.35789
0.357892
0.357902
0.3579
0.357895
0.357887
0.357897
0.357882
0.357879
0.357876
0.357865
0.357871
0.357879
0.357882
0.357884
0.357879
0.357883
0.357875
0.357886
0.357886
0.357878
0.357879
0.357873
0.357858
0.357854
0.357855
0.357834
0.357835
0.357845
0.357859
0.357859
0.357864
0.357857
0.35785
0.357853
0.35786
0.357866
0.357862
0.357866
0.357874
0.35788
0.357886
0.357878
0.35788
0.357871
0.357875
0.357865
0.357867
0.357853
0.357855
0.357844
0.357838
0.357843
0.357844
0.357835
0.357837
0.357828
0.35783
0.357822
0.357828
0.357822
0.357833
0.357833
0.357826
0.35782
0.357792
0.35778
0.357781
0.357785
0.357778
0.357787
0.357794
0.357798
0.357802
0.357812
0.357802
0.3578
0.357795
0.357789
0.357787
0.357802
0.357799
0.357805
0.357813
0.35782
0.357828
0.35783
0.357819
0.357826
0.35782
0.35782
0.357809
0.357807
0.357804
0.357805
0.3578
0.357801
0.357797
0.357799
0.357804
0.357798
0.357785
0.357802
0.357791
0.357792
0.357786
0.357794
0.357797
0.357789
0.357785
0.357789
0.357795
0.357799
0.3578
0.357803
0.357793
0.357796
0.357785
0.357787
0.357764
0.357759
0.357772
0.357767
0.357769
0.357773
0.357778
0.357763
0.357762
0.357757
0.357749
0.357753
0.357745
0.357738
0.357734
0.357734
0.357735
0.357733
0.357727
0.357728
0.357732
0.357732
0.357735
0.357736
0.357737
0.357737
0.357736
0.357734
0.357731
0.357721
0.357712
0.357711
0.357695
0.357694
0.35769
0.357685
0.357672
0.357673
0.357674
0.35768
0.357665
0.357657
0.357659
0.357663
0.357648
0.35765
0.357646
0.357648
0.357645
0.357635
0.357636
0.357639
0.357638
0.35763
0.357623
0.357625
0.357617
0.357617
0.35761
0.357604
0.357609
0.357606
0.357598
0.357598
0.357599
0.357604
0.3576
0.357602
0.357593
0.357594
0.35758
0.357581
0.357589
0.357579
0.357574
0.357572
0.357575
0.357578
0.357576
0.357574
0.357573
0.357577
0.357573
0.357571
0.357573
0.357567
0.357575
0.357563
0.357554
0.357552
0.357536
0.35753
0.357524
0.357536
0.35753
0.357528
0.357527
0.357524
0.357521
0.357519
0.35751
0.357515
0.35752
0.357521
0.357523
0.357519
0.357522
0.357522
0.357515
0.357524
0.357521
0.357519
0.357505
0.357496
0.357487
0.35748
0.357467
0.357462
0.357451
0.357446
0.357439
0.357422
0.357413
0.357417
0.357403
0.357394
0.357388
0.35738
0.357369
0.357362
0.357361
0.357347
0.357358
0.357354
0.357353
0.357345
0.357341
0.357339
0.357335
0.357333
0.357334
0.35733
0.357332
0.357324
0.35732
0.357322
0.357319
0.35732
0.35733
0.357318
0.357325
0.357325
0.357328
0.357334
0.357322
0.357317
0.357313
0.357307
0.357306
0.357308
0.357299
0.357286
0.357285
0.357272
0.357275
0.357253
0.357242
0.357239
0.357242
0.357246
0.357246
0.357244
0.357238
0.357243
0.357231
0.357234
0.35723
0.357229
0.357225
0.357229
0.357219
0.357214
0.357201
0.357211
0.357221
0.357221
0.35723
0.357241
0.357242
0.35724
0.357237
0.357237
0.357233
0.357239
0.357241
0.357253
0.357243
0.357243
0.357229
0.357229
0.357227
0.357229
0.357223
0.357207
0.357223
0.357228
0.357232
0.357221
0.357227
0.357228
0.357224
0.357221
0.357218
0.357221
0.357228
0.357233
0.35722
0.357218
0.357225
0.357228
0.357221
0.357214
0.357219
0.357215
0.357212
0.357206
0.357219
0.357227
0.357229
0.357217
0.357222
0.35723
0.357211
0.357214
0.357213
0.357218
0.357224
0.357223
0.357229
0.357238
0.357245
0.357247
0.357243
0.357246
0.357248
0.357263
0.357264
0.35726
0.357257
0.357266
0.357266
0.357261
0.357256
0.357251
0.357254
0.357253
0.357263
0.357262
0.357268
0.357267
0.357269
0.357264
0.357271
0.357264
0.357268
0.357268
0.357272
0.357281
0.357268
0.357282
0.357285
0.357281
0.357281
0.357269
0.357264
0.357265
0.357257
0.357256
0.357253
0.357261
0.357263
0.357258
0.357249
0.357245
0.357244
0.357249
0.35725
0.357243
0.357228
0.357233
0.357241
0.357241
0.357242
0.357242
0.357243
0.357247
0.357241
0.357246
0.357248
0.357239
0.357241
0.357238
0.357248
0.357242
0.357227
0.357227
0.357218
0.357218
0.357216
0.357216
0.357217
0.357224
0.357223
0.357224
0.35722
0.357224
0.357226
0.357234
0.357226
0.357232
0.357235
0.357249
0.357264
0.35727
0.35728
0.357281
0.357276
0.357277
0.35728
0.357285
0.357296
0.357299
0.357307
0.357307
0.357311
0.357313
0.357318
0.357326
0.357328
0.357334
0.357328
0.35734
0.357336
0.357335
0.357339
0.357345
0.357349
0.357343
0.357334
0.357323
0.357322
0.357331
0.357326
0.35733
0.357327
0.357328
0.35732
0.35732
0.357311
0.357314
0.35731
0.357302
0.357304
0.357312
0.357306
0.357312
0.357314
0.357308
0.357307
0.357301
0.3573
0.357303
0.357305
0.357304
0.357312
0.357312
0.357313
0.357304
0.35731
0.357295
0.357287
0.357279
0.357282
0.357269
0.357275
0.35728
0.357282
0.357287
0.357291
0.357281
0.357271
0.357262
0.357261
0.357261
0.357255
0.357254
0.35725
0.35724
0.357234
0.357234
0.357234
0.357228
0.357241
0.35724
0.357234
0.357223
0.357221
0.357207
0.357195
0.357187
0.35719
0.357182
0.357179
0.357175
0.357171
0.357169
0.357167
0.357185
0.357185
0.357183
0.357182
0.357178
0.35717
0.357156
0.357146
0.357147
0.357143
0.357146
0.357149
0.357148
0.357152
0.357162
0.357159
0.357161
0.357158
0.357148
0.357137
0.357128
0.357125
0.357126
0.357123
0.35712
0.357123
0.357129
0.357128
0.357129
0.357134
0.357142
0.357137
0.357142
0.357138
0.357134
0.357143
0.357145
0.357145
0.357148
0.357144
0.357152
0.357142
0.357149
0.357161
0.357163
0.357149
0.357145
0.35715
0.357148
0.357155
0.357155
0.357153
0.357151
0.357144
0.357151
0.357157
0.357168
0.357181
0.357189
0.357196
0.357199
0.357202
0.357202
0.357212
0.357211
0.35722
0.357229
0.357218
0.357226
0.357229
0.357232
0.357231
0.357224
0.357216
0.357221
0.357219
0.357223
0.357236
0.35724
0.357243
0.357246
0.357252
0.357259
0.35726
0.357254
0.357252
0.357246
0.357237
0.357234
0.357231
0.357225
0.357224
0.357236
0.357234
0.357236
0.357248
0.357252
0.357247
0.357245
0.357249
0.357249
0.357258
0.357255
0.357262
0.357258
0.357261
0.357261
0.357269
0.357271
0.357273
0.357281
0.35728
0.357282
0.357285
0.357271
0.357271
0.357271
0.357262
0.357264
0.357268
0.357265
0.357255
0.357264
0.357256
0.357259
0.357255
0.357249
0.357248
0.357246
0.357242
0.357242
0.357241
0.357246
0.357235
0.357241
0.357251
0.357245
0.357239
0.357235
0.357232
0.357232
0.35723
0.357225
0.357229
0.357225
0.357218
0.357213
0.357212
0.357213
0.357213
0.357217
0.357213
0.357214
0.35721
0.35721
0.357208
0.357202
0.357209
0.357213
0.357218
0.35722
0.357228
0.357226
0.357223
0.357224
0.357228
0.357236
0.357237
0.357242
0.35724
0.357243
0.35724
0.35724
0.357241
0.357244
0.35726
0.357268
0.357274
0.357283
0.357286
0.35729
0.357298
0.3573
0.357301
0.35731
0.357308
0.357306
0.357304
0.357305
0.357308
0.357306
0.357314
0.357312
0.357322
0.357326
0.357327
0.357318
0.357333
0.357339
0.357334
0.357334
0.357329
0.357328
0.357327
0.357323
0.357324
0.357324
0.357323
0.35732
0.357322
0.357329
0.357332
0.357329
0.357338
0.35733
0.357322
0.357322
0.357321
0.35732
0.357319
0.357324
0.357329
0.357341
0.357348
0.357351
0.357343
0.357344
0.357346
0.357346
0.357349
0.357351
0.357363
0.357373
0.357366
0.357368
0.357373
0.357372
0.357378
0.357387
0.357402
0.357399
0.357405
0.357408
0.357399
0.357403
0.357397
0.357401
0.357401
0.357402
0.357395
0.357397
0.357401
0.357406
0.357406
0.357418
0.357418
0.357417
0.357424
0.357432
0.357434
0.357432
0.357426
0.35743
0.357428
0.357425
0.357422
0.357429
0.357435
0.357434
0.357439
0.357441
0.35744
0.357439
0.357443
0.357449
0.357456
0.357456
0.357452
0.357452
0.357447
0.357442
0.35744
0.357438
0.357431
0.357434
0.357434
0.35743
0.357429
0.357426
0.357405
0.357402
0.357399
0.357398
0.357407
0.357405
0.357409
0.357414
0.357411
0.357399
0.357404
0.357403
0.357402
0.357399
0.357392
0.3574
0.357397
0.357402
0.357397
0.357397
0.357394
0.357395
0.357392
0.357392
0.35738
0.35738
0.357386
0.357386
0.357386
0.357386
0.35738
0.357377
0.357378
0.357369
0.357373
0.357368
0.357361
0.35736
0.357354
0.357347
0.357342
0.357343
0.357336
0.357335
0.357328
0.357327
0.35733
0.357326
0.357323
0.357325
0.357336
0.357327
0.357319
0.357315
0.357314
0.357311
0.357303
0.357301
0.357299
0.357306
0.357316
0.357314
0.357319
0.357318
0.357316
0.357309
0.357315
0.357314
0.357302
0.357302
0.35731
0.357303
0.357296
0.357287
0.357287
0.357282
0.357271
0.357277
0.357271
0.357266
0.357265
0.357262
0.357242
0.35723
0.357233
0.357234
0.357228
0.357224
0.357218
0.357208
0.357201
0.357192
0.357183
0.357169
0.357161
0.357163
0.35716
0.357164
0.357163
0.357166
0.357156
0.357158
0.357157
0.357158
0.357152
0.357152
0.357151
0.357154
0.357155
0.357165
0.357164
0.357162
0.357163
0.357164
0.357179
0.357183
0.35718
0.357184
0.357185
0.357188
0.357184
0.357181
0.357174
0.357178
0.357173
0.357172
0.357172
0.35717
0.357168
0.357171
0.357163
0.357167
0.357166
0.357156
0.357153
0.357152
0.357149
0.357142
0.357132
0.357136
0.357131
0.357134
0.35713
0.357136
0.357129
0.357128
0.357121
0.357124
0.357128
0.357126
0.357118
0.357123
0.357121
0.357112
0.357117
0.357124
0.35712
0.357124
0.35712
0.357116
0.35712
0.357114
0.357114
0.35711
0.357118
0.357122
0.357123
0.357128
0.357126
0.357132
0.357121
0.35712
0.357118
0.357123
0.357123
0.357127
0.35713
0.357139
0.357142
0.357148
0.357142
0.357151
0.357152
0.357156
0.357161
0.357159
0.357165
0.357175
0.357182
0.35718
0.357181
0.357182
0.357171
0.35717
0.357174
0.357166
0.357174
0.357178
0.357177
0.357175
0.357176
0.357179
0.357182
0.35718
0.357185
0.357177
0.357175
0.357168
0.357172
0.357183
0.357185
0.357183
0.357196
0.357195
0.3572
0.357199
0.357203
0.357206
0.357207
0.357213
0.357208
0.357216
0.357221
0.357224
0.357224
0.357223
0.357232
0.357239
0.357245
0.357253
0.357257
0.357249
0.357254
0.357258
0.357272
0.357267
0.357267
0.357259
0.357265
0.357277
0.357279
0.357281
0.357274
0.357275
0.357274
0.357269
0.357269
0.35727
0.357286
0.357285
0.357283
0.357281
0.357277
0.357274
0.357276
0.357276
0.357276
0.35727
0.357264
0.357265
0.357258
0.357266
0.357267
0.357263
0.357267
0.357267
0.35727
0.357271
0.357263
0.357262
0.357256
0.357258
0.357263
0.357266
0.357268
0.357263
0.357266
0.357268
0.357265
0.357256
0.357261
0.357265
0.357272
0.357276
0.35728
0.357279
0.357273
0.357267
0.357273
0.357279
0.357282
0.35729
0.357291
0.357287
0.357278
0.35728
0.357274
0.357278
0.357264
0.357255
0.357256
0.357256
0.357261
0.357259
0.357256
0.357254
0.357253
0.357251
0.357245
0.357235
0.357242
0.357238
0.357234
0.35723
0.357222
0.357218
0.357209
0.35721
0.357213
0.357207
0.357212
0.357211
0.357208
0.357207
0.357204
0.357194
0.357196
0.35719
0.357185
0.357186
0.357182
0.357179
0.357168
0.357166
0.357156
0.357154
0.357149
0.357141
0.35713
0.357127
0.357126
0.357124
0.357128
0.35713
0.357128
0.357118
0.357121
0.357111
0.357119
0.357119
0.357118
0.357116
0.357119
0.357123
0.357118
0.357115
0.357113
0.357102
0.357104
0.357097
0.357091
0.357089
0.35708
0.357082
0.35707
0.357069
0.357063
0.35707
0.35707
0.357076
0.357078
0.357083
0.357083
0.357076
0.357072
0.357061
0.357059
0.35706
0.357059
0.357053
0.357049
0.357043
0.35704
0.357042
0.357031
0.357027
0.357023
0.357016
0.35701
0.357014
0.357008
0.35701
0.357
0.356993
0.356986
0.356983
0.356989
0.356989
0.356988
0.356997
0.356995
0.356999
0.356994
0.356996
0.356995
0.356995
0.356992
0.356984
0.356992
0.357
0.357007
0.357005
0.357006
0.357
0.357005
0.356998
0.357009
0.357011
0.357011
0.357002
0.357
0.357004
0.357003
0.357007
0.357009
0.35701
0.357006
0.35701
0.357019
0.357015
0.357017
0.35702
0.357023
0.357021
0.357023
0.35703
0.357031
0.357031
0.357026
0.357024
0.357021
0.357025
0.357021
0.357016
0.357009
0.357016
0.357005
0.357001
0.357001
0.357
0.357004
0.356996
0.357001
0.357007
0.357002
0.356998
0.357005
0.35701
0.357003
0.35701
0.357005
0.357006
0.357008
0.357004
0.357007
0.357015
0.357016
0.357019
0.357009
0.35701
0.357007
0.357001
0.357001
0.357008
0.357016
0.357015
0.357015
0.357024
0.357018
0.357017
0.357009
0.35701
0.357009
0.35701
0.35702
0.357018
0.357012
0.357006
0.357
0.357006
0.356999
0.356999
0.357004
0.356999
0.356997
0.356997
0.356997
0.357002
0.357012
0.357006
0.357002
0.356995
0.35699
0.356991
0.356997
0.356996
0.357001
0.356999
0.357006
0.35701
0.357017
0.357009
0.357004
0.357002
0.356997
0.356994
0.356993
0.357003
0.357001
0.356994
0.356988
0.356988
0.356985
0.356985
0.356982
0.356982
0.356978
0.356977
0.356973
0.356968
0.35696
0.356952
0.356947
0.356949
0.356939
0.356938
0.35693
0.356923
0.356919
0.356921
0.356921
0.356922
0.356918
0.356919
0.356923
0.356931
0.356933
0.356932
0.356939
0.356944
0.35694
0.356934
0.356931
0.356927
0.356929
0.356931
0.356931
0.356933
0.356923
0.35692
0.356912
0.35691
0.35691
0.35691
0.35691
0.356914
0.356908
0.356905
0.356903
0.356901
0.356896
0.356895
0.356895
0.356888
0.356877
0.356877
0.356872
0.356871
0.356868
0.356866
0.356867
0.356863
0.356861
0.356861
0.356863
0.356863
0.356861
0.356857
0.356858
0.356862
0.35686
0.356853
0.356851
0.356849
0.356846
0.356841
0.356836
0.356838
0.356838
0.356838
0.356836
0.356827
0.356829
0.356833
0.356831
0.356837
0.356839
0.356848
0.356849
0.356842
0.356842
0.356847
0.356849
0.356851
0.356862
0.356862
0.35687
0.356864
0.356867
0.356869
0.356876
0.356874
0.356877
0.356884
0.35689
0.356897
0.356894
0.356885
0.356888
0.356897
0.356906
0.356899
0.356894
0.356902
0.356893
0.356905
0.356911
0.356926
0.356922
0.356917
0.356927
0.356925
0.356921
0.356915
0.356923
0.356928
0.356932
0.356937
0.356939
0.356942
0.356948
0.356954
0.356955
0.35696
0.356958
0.35695
0.356947
0.356943
0.35694
0.356935
0.356934
0.35694
0.356934
0.356936
0.356931
0.356928
0.356931
0.356941
0.356944
0.356944
0.35694
0.356938
0.35694
0.356945
0.356944
0.356942
0.356946
0.356939
0.356935
0.356936
0.35693
0.356925
0.356918
0.356923
0.356919
0.356921
0.356922
0.35692
0.356924
0.35692
0.356916
0.356913
0.356912
0.356907
0.356902
0.3569
0.356901
0.356904
0.356899
0.356903
0.356904
0.356906
0.356901
0.356899
0.356893
0.356893
0.35689
0.356873
0.356871
0.356864
0.356862
0.356856
0.35685
0.356846
0.356843
0.356825
0.356827
0.356819
0.356819
0.35681
0.356807
0.356807
0.356813
0.356809
0.356811
0.356809
0.356811
0.356806
0.356802
0.356796
0.356791
0.356789
0.356778
0.356772
0.35677
0.356761
0.356757
0.356755
0.356757
0.356757
0.356748
0.356744
0.356742
0.356744
0.356741
0.356739
0.356738
0.356733
0.356728
0.35673
0.356726
0.356724
0.356715
0.356704
0.356696
0.3567
0.356693
0.356692
0.356683
0.356677
0.356671
0.356655
0.356647
0.356643
0.356639
0.356642
0.356641
0.35663
0.356632
0.356628
0.356622
0.356618
0.356604
0.356599
0.356597
0.356588
0.356581
0.356568
0.356568
0.356566
0.356563
0.356553
0.35655
0.356544
0.356543
0.356534
0.356528
0.356525
0.356521
0.35651
0.356509
0.356499
0.35649
0.356493
0.356484
0.35647
0.356461
0.356454
0.356453
0.356444
0.356434
0.356421
0.356421
0.356415
0.356411
0.356404
0.356399
0.356387
0.356381
0.356378
0.356372
0.356367
0.356362
0.356351
0.356339
0.356333
0.356325
0.356312
0.356313
0.356314
0.356306
0.356302
0.3563
0.3563
0.356297
0.356294
0.356291
0.356288
0.356288
0.356283
0.35628
0.356275
0.356273
0.356269
0.356268
0.356268
0.356264
0.356257
0.356246
0.35624
0.356238
0.35623
0.356229
0.356224
0.356219
0.356211
0.356216
0.35621
0.356204
0.356196
0.356178
0.356173
0.356166
0.356168
0.356166
0.35616
0.356158
0.356167
0.356165
0.356166
0.356167
0.356172
0.356165
0.356159
0.356168
0.35616
0.356159
0.356157
0.356155
0.35616
0.356163
0.356168
0.356169
0.356171
0.35617
0.356171
0.356166
0.356159
0.356157
0.356156
0.356149
0.356153
0.356157
0.356157
0.356156
0.356143
0.356136
0.356128
0.356123
0.356125
0.356125
0.356123
0.356126
0.356121
0.356129
0.356125
0.356121
0.356125
0.356123
0.356125
0.356126
0.35612
0.356116
0.356115
0.356112
0.356113
0.356111
0.356106
0.356101
0.356093
0.356093
0.356089
0.356084
0.356085
0.356085
0.356083
0.356083
0.356083
0.356083
0.356087
0.356088
0.356089
0.356094
0.356093
0.356092
0.356088
0.356083
0.356076
0.356076
0.356079
0.356076
0.356083
0.356091
0.356096
0.356098
0.356102
0.356102
0.356105
0.356104
0.356102
0.356097
0.356093
0.356091
0.356093
0.356091
0.356095
0.356086
0.356092
0.356092
0.356097
0.356087
0.356096
0.356092
0.356086
0.356084
0.356082
0.356082
0.35608
0.356081
0.356079
0.356077
0.356074
0.356073
0.356081
0.356081
0.356076
0.356074
0.356067
0.356068
0.35607
0.356071
0.356068
0.356067
0.356061
0.356057
0.356055
0.356054
0.356057
0.356064
0.356061
0.356058
0.356058
0.356063
0.356067
0.356068
0.356066
0.356068
0.356067
0.356069
0.356073
0.356069
0.356077
0.356077
0.356081
0.356079
0.356079
0.356073
0.356078
0.356075
0.356073
0.356074
0.356072
0.356076
0.356063
0.356062
0.356055
0.356048
0.356053
0.356045
0.356043
0.356045
0.356048
0.35605
0.356054
0.356055
0.356054
0.356051
0.356053
0.356052
0.356054
0.356051
0.356056
0.356049
0.356042
0.356031
0.356027
0.356024
0.356023
0.356022
0.355996
0.355994
0.355989
0.35599
0.355984
0.355979
0.355982
0.355978
0.355969
0.355964
0.355975
0.355974
0.355979
0.355972
0.355973
0.355978
0.35598
0.355982
0.355977
0.355973
0.35597
0.355965
0.355973
0.355975
0.355979
0.355975
0.355972
0.355971
0.355978
0.355983
0.355985
0.355974
0.355978
0.355973
0.355964
